Seat Name,Electorate,CON,LAB,LIB,Reform,Green,"SNP/Plaid",Indept.,Other
Aldershot,"77,531.000000000",0.277572718,0.421183551,0.070130391,0.189448345,0.037392177,0.000000000,0.000000000,0.004272818
Aldridge-Brownhills,"72,512.000000000",0.373974679,0.315152461,0.028285485,0.173725036,0.108862340,0.000000000,0.000000000,0.000000000
Altrincham and Sale West,"73,107.000000000",0.306233565,0.411492653,0.111724671,0.095112142,0.075436968,0.000000000,0.000000000,0.000000000
Amber Valley,"70,045.000000000",0.234818097,0.450839552,0.026865672,0.253684701,0.033791978,0.000000000,0.000000000,0.000000000
Arundel and South Downs,"76,681.000000000",0.314933619,0.252840769,0.141980704,0.207949204,0.079079739,0.000000000,0.000000000,0.003215964
Ashfield,"69,549.000000000",0.172000440,0.275618608,0.034246123,0.464665127,0.053469702,0.000000000,0.000000000,0.000000000
Ashford,"73,390.000000000",0.233052131,0.409950249,0.067531906,0.219251568,0.064006057,0.000000000,0.000000000,0.006208090
Ashton under Lyne,"71,709.000000000",0.098120489,0.569165535,0.018866576,0.260701779,0.053145620,0.000000000,0.000000000,0.000000000
Aylesbury,"76,209.000000000",0.275343651,0.397308469,0.117235413,0.151687013,0.051292896,0.000000000,0.000000000,0.007132558
Banbury,"69,699.000000000",0.261241611,0.433829698,0.080704698,0.168980705,0.051552013,0.000000000,0.000000000,0.003691275
Barking,"71,151.000000000",0.141787974,0.400725271,0.076873618,0.240882671,0.121521527,0.000000000,0.000000000,0.018208940
Barnsley North,"76,552.000000000",0.087864530,0.475631408,0.031293000,0.317923565,0.063318390,0.000000000,0.000000000,0.023969106
Barnsley South,"75,635.000000000",0.050251060,0.337221343,0.013109822,0.552058301,0.030381181,0.000000000,0.000000000,0.016978294
Barrow and Furness,"78,041.000000000",0.178499698,0.487763976,0.034728858,0.248815397,0.045161165,0.000000000,0.000000000,0.005030907
Basildon and Billericay,"76,681.000000000",0.271672879,0.391120368,0.051918439,0.219688665,0.050624863,0.000000000,0.000000000,0.014974786
Basildon South and East Thurrock,"73,037.000000000",0.250209225,0.380909113,0.047535927,0.258649961,0.037086631,0.000000000,0.000000000,0.025609144
Basingstoke,"77,260.000000000",0.235074997,0.457627454,0.057025105,0.188690087,0.055578672,0.000000000,0.000000000,0.006003685
Bassetlaw,"76,595.000000000",0.186328214,0.466440664,0.018934618,0.301382889,0.026913616,0.000000000,0.000000000,0.000000000
Bath,"73,515.000000000",0.118135267,0.077840401,0.586535157,0.146522098,0.061310056,0.000000000,0.000000000,0.009657021
Battersea,"71,971.000000000",0.138335447,0.616547956,0.054522392,0.108498390,0.071499659,0.000000000,0.000000000,0.010596156
Beaconsfield,"71,573.000000000",0.327355941,0.150401452,0.328401491,0.154386380,0.033832436,0.000000000,0.000000000,0.005622300
Beckenham and Penge,"76,436.000000000",0.213149071,0.490153943,0.067894259,0.168763083,0.060039644,0.000000000,0.000000000,0.000000000
Bedford,"71,098.000000000",0.171268471,0.545234760,0.052374712,0.154977631,0.065841204,0.000000000,0.000000000,0.010303222
Bedfordshire Mid,"70,946.000000000",0.164629579,0.403856011,0.084453732,0.267653669,0.066179080,0.000000000,0.000000000,0.013227930
Bedfordshire North,"76,467.000000000",0.390358953,0.367539050,0.103941243,0.107499741,0.030661012,0.000000000,0.000000000,0.000000000
Bermondsey and Old Southwark,"71,073.000000000",0.104622975,0.251313955,0.474246487,0.074696986,0.067682077,0.000000000,0.026064571,0.001372949
Bethnal Green and Stepney,"76,294.000000000",0.087020130,0.572547640,0.030759829,0.086557158,0.059575177,0.000000000,0.000000000,0.163540066
Beverley and Holderness,"71,221.000000000",0.310635106,0.387981330,0.071761960,0.186072679,0.037068678,0.000000000,0.000000000,0.006480247
Bexhill and Battle,"70,305.000000000",0.271761253,0.355614114,0.078711143,0.205368811,0.056601752,0.000000000,0.000000000,0.031942927
Bexleyheath and Crayford,"68,825.000000000",0.218024136,0.425061638,0.047428522,0.261927419,0.047558285,0.000000000,0.000000000,0.000000000
Bicester and Woodstock,"70,137.000000000",0.217193391,0.143940002,0.421392476,0.154006577,0.053501243,0.000000000,0.000000000,0.009966311
Birkenhead,"75,675.000000000",0.101860106,0.569144827,0.047027595,0.110853588,0.131514827,0.000000000,0.000000000,0.039599057
Birmingham Edgbaston,"73,255.000000000",0.125553814,0.609115489,0.029286802,0.149478563,0.070888147,0.000000000,0.000000000,0.015677186
Birmingham Erdington,"78,252.000000000",0.124933101,0.555834788,0.024456079,0.221082024,0.061035486,0.000000000,0.000000000,0.012658522
Birmingham Hall Green and Moseley,"77,165.000000000",0.112252407,0.469491629,0.089164163,0.161709695,0.119335255,0.000000000,0.000000000,0.048046851
Birmingham Hodge Hill and Solihull North,"77,784.000000000",0.137722240,0.551902154,0.030154633,0.196463465,0.083757509,0.000000000,0.000000000,0.000000000
Birmingham Ladywood,"78,301.000000000",0.060283609,0.511230827,0.017363816,0.047305269,0.073796220,0.000000000,0.290020258,0.000000000
Birmingham Northfield,"74,909.000000000",0.180968071,0.551953778,0.027427139,0.177789122,0.057081864,0.000000000,0.000000000,0.004780026
Birmingham Perry Barr,"75,301.000000000",0.114799256,0.602690356,0.034478801,0.089456649,0.088584349,0.000000000,0.000000000,0.069990588
Birmingham Selly Oak,"81,511.000000000",0.124959942,0.566575869,0.038575549,0.137497997,0.117729531,0.000000000,0.000000000,0.014661112
Birmingham Yardley,"73,100.000000000",0.164968583,0.470698676,0.075675270,0.122937893,0.084461912,0.000000000,0.081257666,0.000000000
Bishop Auckland,"70,578.000000000",0.140048323,0.484339326,0.028905194,0.273491011,0.056901558,0.000000000,0.000000000,0.016314588
Blackburn,"69,792.000000000",0.120596432,0.557868661,0.038063026,0.156301360,0.069551962,0.000000000,0.000000000,0.057618560
Blackley and Middleton South,"70,878.000000000",0.095621804,0.584083822,0.028264937,0.214893352,0.077136086,0.000000000,0.000000000,0.000000000
Blackpool North and Fleetwood,"75,797.000000000",0.229930029,0.497867760,0.019769801,0.216784664,0.030079079,0.000000000,0.000000000,0.005568666
Blackpool South,"77,039.000000000",0.126384836,0.534541386,0.015422416,0.258298050,0.056819428,0.000000000,0.000000000,0.008533883
Blaydon and Consett,"70,058.000000000",0.118249493,0.484825126,0.039401815,0.284204035,0.057902387,0.000000000,0.000000000,0.015417144
Blyth and Ashington,"75,298.000000000",0.115638790,0.533677753,0.028500700,0.266623614,0.055559143,0.000000000,0.000000000,0.000000000
Bognor Regis and Littlehampton,"76,860.000000000",0.282121344,0.359663831,0.071932766,0.217640605,0.046947774,0.000000000,0.000000000,0.021693680
Bolsover,"74,427.000000000",0.158735627,0.457926015,0.022694974,0.327053098,0.033590285,0.000000000,0.000000000,0.000000000
Bolton North East,"77,252.000000000",0.207816022,0.435821523,0.059747106,0.214921496,0.065190816,0.000000000,0.000000000,0.016503037
Bolton South and Walkden,"76,112.000000000",0.154897544,0.398236798,0.018823377,0.243252610,0.140839579,0.000000000,0.000000000,0.043950093
Bolton West,"72,183.000000000",0.205007952,0.512356755,0.035357449,0.195628237,0.032625097,0.000000000,0.000000000,0.019024510
Bootle,"74,832.000000000",0.053129390,0.747531512,0.018540871,0.112531413,0.068266814,0.000000000,0.000000000,0.000000000
Boston and Skegness,"75,021.000000000",0.264899783,0.270010177,0.034887837,0.358922172,0.018981461,0.000000000,0.000000000,0.052298571
Bournemouth East,"74,219.000000000",0.238004761,0.474589719,0.052678832,0.161920073,0.065832881,0.000000000,0.000000000,0.006973734
Bournemouth West,"73,342.000000000",0.245485887,0.454234001,0.062702004,0.161452273,0.068325792,0.000000000,0.000000000,0.007800043
Bracknell,"69,872.000000000",0.322024750,0.426380920,0.059774895,0.154894944,0.034285600,0.000000000,0.000000000,0.002638892
Bradford East,"71,646.000000000",0.133926723,0.513190276,0.048759171,0.110605120,0.069389820,0.000000000,0.000000000,0.124128890
Bradford South,"70,607.000000000",0.131200834,0.516266720,0.027396580,0.224185423,0.069955580,0.000000000,0.000000000,0.030994863
Bradford West,"70,695.000000000",0.105396329,0.636909417,0.025647513,0.084234255,0.083429176,0.000000000,0.000000000,0.064383310
Braintree,"76,023.000000000",0.387688404,0.291544909,0.056501846,0.192017841,0.055482928,0.000000000,0.000000000,0.016764073
Brent East,"74,720.000000000",0.105690689,0.639551986,0.039257835,0.109808802,0.078108383,0.000000000,0.000000000,0.027582306
Brent West,"79,036.000000000",0.266200421,0.434244632,0.056389690,0.126889030,0.116276226,0.000000000,0.000000000,0.000000000
Brentford and Isleworth,"75,746.000000000",0.137594949,0.509637960,0.092335010,0.164861399,0.081878268,0.000000000,0.000000000,0.013692414
Brentwood and Ongar,"75,078.000000000",0.346711284,0.362379222,0.128623349,0.124390568,0.030781846,0.000000000,0.000000000,0.007113731
Bridgwater,"71,290.000000000",0.248615075,0.347910022,0.110479268,0.247964579,0.038211348,0.000000000,0.000000000,0.006819708
Bridlington and the Wolds,"72,681.000000000",0.284777273,0.271811133,0.058380210,0.282887735,0.056099733,0.000000000,0.000000000,0.046043915
Brigg and Immingham,"71,838.000000000",0.351314181,0.376629992,0.036216381,0.157294214,0.078545232,0.000000000,0.000000000,0.000000000
Brighton Kemptown and Peacehaven,"70,996.000000000",0.233817648,0.603022447,0.042603645,0.000000000,0.112115914,0.000000000,0.000000000,0.008440345
Brighton Pavilion,"77,893.000000000",0.075201119,0.377487966,0.034560869,0.044371159,0.456103533,0.000000000,0.000000000,0.012275354
Bristol Central,"69,801.000000000",0.032958013,0.456316694,0.014512057,0.014357179,0.473632041,0.000000000,0.000000000,0.008224015
Bristol East,"75,476.000000000",0.185218183,0.551218865,0.063293779,0.000000000,0.169825985,0.000000000,0.000000000,0.030443189
Bristol North East,"69,495.000000000",0.115962972,0.577155064,0.037048672,0.172090978,0.088590098,0.000000000,0.000000000,0.009152216
Bristol North West,"76,243.000000000",0.144858880,0.566966149,0.056575007,0.118486251,0.098774843,0.000000000,0.000000000,0.014338869
Bristol South,"74,269.000000000",0.122508170,0.512622549,0.062540850,0.127103758,0.152839052,0.000000000,0.000000000,0.022385621
Broadland and Fakenham,"72,907.000000000",0.226560722,0.264659031,0.106936964,0.319369643,0.082473640,0.000000000,0.000000000,0.000000000
Bromley and Biggin Hill,"70,212.000000000",0.257474816,0.430027692,0.065176386,0.195208091,0.042320504,0.000000000,0.000000000,0.009792511
Bromsgrove,"75,078.000000000",0.280316689,0.377616211,0.073881007,0.193815160,0.050736850,0.000000000,0.023634083,0.000000000
Broxbourne,"75,559.000000000",0.373333333,0.247512356,0.095551895,0.226029654,0.045052169,0.000000000,0.000000000,0.012520593
Broxtowe,"71,567.000000000",0.203681602,0.516112066,0.029796703,0.197147770,0.046505512,0.000000000,0.000000000,0.006756347
Buckingham and Bletchley,"73,799.000000000",0.215276813,0.453143300,0.062846140,0.197848224,0.063461500,0.000000000,0.000000000,0.007424023
Buckinghamshire Mid,"72,601.000000000",0.259257528,0.219281840,0.256639237,0.131428839,0.129792407,0.000000000,0.000000000,0.003600150
Burnley,"74,722.000000000",0.180029068,0.432417622,0.059850849,0.265993186,0.047032475,0.000000000,0.000000000,0.014676801
Burton and Uttoxeter,"75,038.000000000",0.256571668,0.289096181,0.032390981,0.359887070,0.062054099,0.000000000,0.000000000,0.000000000
Bury North,"77,499.000000000",0.203285820,0.549054259,0.025245660,0.173903756,0.040723191,0.000000000,0.000000000,0.007787315
Bury South,"75,131.000000000",0.138091449,0.546203913,0.027014344,0.216114750,0.055885413,0.000000000,0.000000000,0.016690131
Bury St Edmunds and Stowmarket,"76,811.000000000",0.225182261,0.394855657,0.055626136,0.188691046,0.126067666,0.000000000,0.000000000,0.009577234
Calder Valley,"76,434.000000000",0.171626018,0.556139609,0.030160451,0.169438880,0.061423662,0.000000000,0.000000000,0.011211380
Camborne and Redruth,"73,101.000000000",0.186061484,0.445396749,0.063033156,0.224871238,0.069068888,0.000000000,0.000000000,0.011568485
Cambridge,"73,882.000000000",0.144734250,0.265021079,0.468303061,0.000000000,0.104999803,0.000000000,0.000000000,0.016941807
Cambridgeshire North East,"70,565.000000000",0.342480172,0.311906394,0.057084108,0.238788799,0.036644473,0.000000000,0.000000000,0.013096054
Cambridgeshire North West,"72,889.000000000",0.253125528,0.389487244,0.084558202,0.215344653,0.057484372,0.000000000,0.000000000,0.000000000
Cambridgeshire South,"75,311.000000000",0.170034398,0.088673016,0.607332377,0.102380170,0.026982179,0.000000000,0.000000000,0.004597860
Cannock Chase,"74,815.000000000",0.207990706,0.281178105,0.014783262,0.413020205,0.083027721,0.000000000,0.000000000,0.000000000
Canterbury,"75,633.000000000",0.175766247,0.560490248,0.051622863,0.145605844,0.059285338,0.000000000,0.000000000,0.007229460
Carlisle,"76,811.000000000",0.219504390,0.513030261,0.026880538,0.200424008,0.032960659,0.000000000,0.000000000,0.007200144
Carshalton and Wallington,"73,133.000000000",0.215778347,0.096576818,0.524088303,0.137333821,0.021161117,0.000000000,0.000000000,0.005061593
Castle Point,"71,217.000000000",0.317822571,0.324222754,0.045917321,0.282951828,0.029085526,0.000000000,0.000000000,0.000000000
Chatham and Aylesford,"74,212.000000000",0.228810400,0.416895764,0.049555007,0.238455804,0.052187689,0.000000000,0.000000000,0.014095336
Cheadle,"74,578.000000000",0.238176276,0.126044920,0.494885269,0.109662820,0.021955005,0.000000000,0.000000000,0.009275709
Chelmsford,"76,077.000000000",0.270111232,0.137684234,0.436682592,0.128959067,0.021490103,0.000000000,0.000000000,0.005072771
Chelsea and Fulham,"78,943.000000000",0.257101238,0.499168954,0.081218369,0.112088446,0.046613256,0.000000000,0.000000000,0.003809737
Cheltenham,"76,294.000000000",0.248608879,0.056321353,0.671238901,0.000000000,0.021852008,0.000000000,0.000000000,0.001978858
Chesham and Amersham,"73,642.000000000",0.345825337,0.064006580,0.443490731,0.101292785,0.032836325,0.000000000,0.000000000,0.012548242
Cheshire Mid,"69,411.000000000",0.179766206,0.511370882,0.036365569,0.212391073,0.047672689,0.000000000,0.000000000,0.012433581
Chester North and Neston,"73,078.000000000",0.133488773,0.598985070,0.029468239,0.181805713,0.056252204,0.000000000,0.000000000,0.000000000
Chester South and Eddisbury,"71,875.000000000",0.249965453,0.424735959,0.077425723,0.185016287,0.053124075,0.000000000,0.000000000,0.009732504
Chesterfield,"71,033.000000000",0.121394961,0.484454150,0.039872121,0.298151609,0.042686359,0.000000000,0.000000000,0.013440800
Chichester,"76,286.000000000",0.231036792,0.075499423,0.328615007,0.280402515,0.072765150,0.000000000,0.000000000,0.011681113
Chingford and Woodford Green,"75,340.000000000",0.430616446,0.262418512,0.032080363,0.060405627,0.036864778,0.000000000,0.177614273,0.000000000
Chippenham,"71,341.000000000",0.247660907,0.101184637,0.481079756,0.137534898,0.025711160,0.000000000,0.000000000,0.006828643
Chipping Barnet,"77,717.000000000",0.240234266,0.541005857,0.039713675,0.127712187,0.048396393,0.000000000,0.000000000,0.002937622
Chorley,"74,743.000000000",0.000000000,0.789894746,0.000000000,0.000000000,0.182015241,0.000000000,0.000000000,0.028090013
Christchurch,"71,673.000000000",0.327332476,0.219745678,0.134138210,0.235867029,0.023765300,0.000000000,0.000000000,0.059151307
Cities of London and Westminster,"74,448.000000000",0.204824742,0.470041237,0.108804124,0.135072165,0.069752577,0.000000000,0.000000000,0.011505155
Clacton,"76,574.000000000",0.214700476,0.184622776,0.034881778,0.499853789,0.045367199,0.000000000,0.000000000,0.020573983
Clapham and Brixton Hill,"79,342.000000000",0.084764027,0.670331677,0.061586791,0.069129895,0.097220193,0.000000000,0.000000000,0.016967417
Colchester,"75,677.000000000",0.185594013,0.458850431,0.083172227,0.192433219,0.071572602,0.000000000,0.000000000,0.008377508
Colne Valley,"71,047.000000000",0.209321068,0.543126155,0.033101388,0.155580454,0.050654558,0.000000000,0.000000000,0.008216378
Congleton,"69,884.000000000",0.250920068,0.367820370,0.032832982,0.268018856,0.037236902,0.000000000,0.000000000,0.043170822
Corby and East Northamptonshire,"76,933.000000000",0.213670128,0.511238220,0.032841321,0.207815889,0.030038964,0.000000000,0.000000000,0.004395478
Cornwall North,"74,608.000000000",0.224781649,0.086956522,0.474191381,0.186889337,0.020673769,0.000000000,0.000000000,0.006507342
Cornwall South East,"71,359.000000000",0.273898595,0.340217325,0.123381786,0.215755030,0.041120466,0.000000000,0.000000000,0.005626797
Cotswolds North,"70,809.000000000",0.278733919,0.160048459,0.149587524,0.306809223,0.098455858,0.000000000,0.000000000,0.006365017
Cotswolds South,"72,683.000000000",0.253771795,0.093847683,0.484777306,0.133435721,0.028385581,0.000000000,0.000000000,0.005781913
Coventry East,"74,310.000000000",0.103077876,0.566549611,0.022286488,0.230140696,0.064633111,0.000000000,0.000000000,0.013312217
Coventry North West,"75,247.000000000",0.148087360,0.569327731,0.028011204,0.166951155,0.077818627,0.000000000,0.000000000,0.009803922
Coventry South,"72,674.000000000",0.147436596,0.590575049,0.028305384,0.152648451,0.071984648,0.000000000,0.000000000,0.009049872
Cramlington and Killingworth,"73,124.000000000",0.147372872,0.490199810,0.040363675,0.251358495,0.058991437,0.000000000,0.000000000,0.011713712
Crawley,"74,206.000000000",0.167488600,0.530012587,0.025916679,0.201349483,0.066504344,0.000000000,0.000000000,0.008728308
Crewe and Nantwich,"76,322.000000000",0.169126462,0.514513118,0.020556156,0.238282401,0.049680652,0.000000000,0.000000000,0.007841211
Croydon East,"75,259.000000000",0.213738275,0.375276443,0.085392359,0.283382902,0.042210021,0.000000000,0.000000000,0.000000000
Croydon South,"71,305.000000000",0.275544775,0.452298378,0.065232644,0.149830604,0.051741074,0.000000000,0.000000000,0.005352525
Croydon West,"70,732.000000000",0.098228136,0.627078281,0.042537851,0.124074195,0.092285508,0.000000000,0.000000000,0.015796028
Dagenham and Rainham,"73,233.000000000",0.130925211,0.500548631,0.028199614,0.275149228,0.053634129,0.000000000,0.000000000,0.011543188
Darlington,"70,099.000000000",0.191996565,0.531656725,0.023341468,0.198933478,0.054071764,0.000000000,0.000000000,0.000000000
Dartford,"71,324.000000000",0.249983633,0.448530214,0.046330445,0.208126923,0.047028785,0.000000000,0.000000000,0.000000000
Daventry,"76,041.000000000",0.205731796,0.326618379,0.079186545,0.310652227,0.077811053,0.000000000,0.000000000,0.000000000
Derby North,"73,198.000000000",0.197170290,0.512287455,0.038934946,0.212608916,0.038998393,0.000000000,0.000000000,0.000000000
Derby South,"73,061.000000000",0.114468267,0.473059011,0.028842044,0.299061846,0.041598236,0.000000000,0.000000000,0.042970596
Derbyshire Dales,"71,145.000000000",0.268909034,0.405007392,0.077153529,0.198467045,0.043732005,0.000000000,0.000000000,0.006730994
Derbyshire Mid,"70,483.000000000",0.220894632,0.434811133,0.053896620,0.223797217,0.054015905,0.000000000,0.000000000,0.012584493
Derbyshire North East,"72,212.000000000",0.361435035,0.322118142,0.038063680,0.221882368,0.051955224,0.000000000,0.000000000,0.004545551
Derbyshire South,"70,152.000000000",0.226739888,0.449994720,0.031133171,0.253923329,0.034322526,0.000000000,0.000000000,0.003886366
Devon Central,"73,137.000000000",0.280263687,0.378322442,0.121763793,0.164727977,0.049556369,0.000000000,0.000000000,0.005365732
Devon North,"75,860.000000000",0.240478308,0.084366072,0.468809718,0.178703196,0.021474656,0.000000000,0.000000000,0.006168051
Devon South,"72,090.000000000",0.362841507,0.068579247,0.280495105,0.209136774,0.075462824,0.000000000,0.000000000,0.003484544
Devon South West,"75,337.000000000",0.242953830,0.371359086,0.098014818,0.215070792,0.059480044,0.000000000,0.000000000,0.013121430
Dewsbury and Batley,"69,626.000000000",0.231200251,0.383692920,0.068731672,0.176110180,0.103869920,0.000000000,0.000000000,0.036395057
Didcot and Wantage,"73,642.000000000",0.229764622,0.139654979,0.463439734,0.126071175,0.036242188,0.000000000,0.000000000,0.004827302
Doncaster Central,"75,156.000000000",0.131493031,0.469367077,0.026388670,0.307004706,0.054240875,0.000000000,0.000000000,0.011505640
Doncaster East and the Isle of Axholme,"70,027.000000000",0.208607444,0.458825965,0.022105166,0.259143396,0.045406450,0.000000000,0.000000000,0.005911579
Doncaster North,"71,752.000000000",0.324599320,0.491549296,0.048955804,0.000000000,0.100437105,0.000000000,0.000000000,0.034458475
Dorking and Horley,"70,013.000000000",0.214660963,0.091898383,0.516116927,0.140080303,0.037243424,0.000000000,0.000000000,0.000000000
Dorset Mid and Poole North,"74,424.000000000",0.548903730,0.071205497,0.338586460,0.000000000,0.029789074,0.000000000,0.000000000,0.011515239
Dorset North,"72,596.000000000",0.312432945,0.156639432,0.306263927,0.156536271,0.063237600,0.000000000,0.000000000,0.004889824
Dorset South,"77,420.000000000",0.275982829,0.352745142,0.108167646,0.202007079,0.053434252,0.000000000,0.000000000,0.007663052
Dorset West,"76,136.000000000",0.357323854,0.100390652,0.503149856,0.000000000,0.035809812,0.000000000,0.000000000,0.003325825
Dover and Deal,"76,985.000000000",0.195843816,0.471978446,0.032231225,0.248638048,0.045662553,0.000000000,0.000000000,0.005645912
Droitwich and Evesham,"73,836.000000000",0.334959141,0.213430026,0.208360074,0.171715227,0.064304967,0.000000000,0.000000000,0.007230565
Dudley,"71,755.000000000",0.236809317,0.464668040,0.024664988,0.220942355,0.040481094,0.000000000,0.000000000,0.012434206
Dulwich and West Norwood,"74,932.000000000",0.070904462,0.683681491,0.030791405,0.069201108,0.130016472,0.000000000,0.000000000,0.015405061
Dunstable and Leighton Buzzard,"74,095.000000000",0.398265931,0.260904077,0.153929131,0.118453992,0.062564875,0.000000000,0.000000000,0.005881994
Durham North,"72,859.000000000",0.135613080,0.443921279,0.045305618,0.260637490,0.073361252,0.000000000,0.000000000,0.041161282
"Durham, City of","72,653.000000000",0.154946340,0.480749154,0.094354199,0.153088069,0.088967303,0.000000000,0.000000000,0.027894935
Ealing Central and Acton,"76,249.000000000",0.143465425,0.575413497,0.074770069,0.093770107,0.092161538,0.000000000,0.000000000,0.020419363
Ealing North,"73,069.000000000",0.126375622,0.594632135,0.037673355,0.140436353,0.084086587,0.000000000,0.000000000,0.016795948
Ealing Southall,"75,523.000000000",0.102821166,0.624987468,0.039560484,0.122190364,0.094419826,0.000000000,0.000000000,0.016020693
Earley and Woodley,"70,472.000000000",0.343036805,0.426972838,0.147078914,0.000000000,0.076422372,0.000000000,0.000000000,0.006489071
Easington,"69,856.000000000",0.100864768,0.475771582,0.028577108,0.295537001,0.063565429,0.000000000,0.000000000,0.035684111
East Grinstead and Uckfield,"72,092.000000000",0.557755993,0.172708731,0.116389236,0.000000000,0.098822291,0.000000000,0.000000000,0.054323749
East Ham,"70,899.000000000",0.109562293,0.545479199,0.073656235,0.097006021,0.128844172,0.000000000,0.000000000,0.045452080
Eastbourne,"73,000.000000000",0.239750808,0.058622091,0.564416584,0.120629946,0.013833266,0.000000000,0.000000000,0.002747306
Eastleigh,"69,813.000000000",0.191737268,0.086756752,0.534305267,0.149803222,0.028537640,0.000000000,0.000000000,0.008859851
Edmonton and Winchmore Hill,"75,656.000000000",0.135654162,0.581606568,0.043749351,0.128941079,0.086916762,0.000000000,0.000000000,0.023132079
Ellesmere Port and Bromborough,"71,097.000000000",0.123562253,0.580177987,0.039165477,0.148749055,0.087524137,0.000000000,0.000000000,0.020821090
Eltham and Chislehurst,"74,030.000000000",0.097657472,0.517398745,0.062418343,0.274994019,0.042066135,0.000000000,0.000000000,0.005465285
Ely and East Cambridgeshire,"76,033.000000000",0.304083740,0.237480089,0.238267780,0.174709867,0.042325264,0.000000000,0.000000000,0.003133260
Enfield North,"77,308.000000000",0.134091111,0.465744605,0.066934553,0.198450404,0.120326792,0.000000000,0.000000000,0.014452535
Epping Forest,"74,303.000000000",0.453801653,0.313305785,0.098574380,0.000000000,0.098491736,0.000000000,0.000000000,0.035826446
Epsom and Ewell,"77,463.000000000",0.203807018,0.142526316,0.367421053,0.205964912,0.046842105,0.000000000,0.000000000,0.033438596
Erewash,"72,525.000000000",0.206388460,0.498238022,0.018547141,0.246450283,0.026336940,0.000000000,0.000000000,0.004039155
Erith and Thamesmead,"73,353.000000000",0.104028006,0.585400640,0.032241335,0.187764716,0.076065347,0.000000000,0.000000000,0.014499957
Esher and Walton,"72,783.000000000",0.212625823,0.068952050,0.557865398,0.129649026,0.021214650,0.000000000,0.000000000,0.009693053
Essex North West,"76,643.000000000",0.306123620,0.307041876,0.140110573,0.169686071,0.060757944,0.000000000,0.000000000,0.016279915
Exeter,"72,928.000000000",0.123051747,0.526152986,0.046358938,0.141491548,0.151729230,0.000000000,0.000000000,0.011215550
Exmouth and Exeter East,"74,902.000000000",0.324048238,0.119981083,0.313833057,0.139134547,0.095696382,0.000000000,0.006951998,0.000354694
Fareham and Waterlooville,"76,845.000000000",0.232917379,0.248243843,0.197138370,0.287906246,0.031118935,0.000000000,0.000000000,0.002675227
Farnham and Bordon,"72,663.000000000",0.236555751,0.107794976,0.424747428,0.187913616,0.024654741,0.000000000,0.000000000,0.018333488
Faversham and Kent Mid,"71,738.000000000",0.292218129,0.356642562,0.086914995,0.202483286,0.048756083,0.000000000,0.000000000,0.012984946
Feltham and Heston,"74,250.000000000",0.150957024,0.441469329,0.046097095,0.239591395,0.111773203,0.000000000,0.000000000,0.010111954
Filton and Bradley Stoke,"73,358.000000000",0.205920355,0.533005496,0.043737345,0.158981776,0.058355028,0.000000000,0.000000000,0.000000000
Finchley and Golders Green,"77,742.000000000",0.433763787,0.245868823,0.105605056,0.117517761,0.092593319,0.000000000,0.000000000,0.004651254
Folkestone and Hythe,"69,793.000000000",0.243872263,0.416102526,0.056655306,0.224800411,0.053737336,0.000000000,0.000000000,0.004832158
Forest of Dean,"71,437.000000000",0.305655247,0.271107486,0.079064709,0.174370129,0.164400943,0.000000000,0.000000000,0.005401486
Frome and East Somerset,"70,040.000000000",0.184729163,0.161543074,0.399180492,0.172876274,0.071297222,0.000000000,0.000000000,0.010373776
Fylde,"74,016.000000000",0.270118515,0.384012929,0.050285927,0.208706282,0.045292558,0.000000000,0.000000000,0.041583789
Gainsborough,"74,306.000000000",0.289549138,0.325285685,0.093683773,0.230625390,0.032765427,0.000000000,0.000000000,0.028090588
Gateshead Central and Whickham,"71,243.000000000",0.128440571,0.515701264,0.060398048,0.218101585,0.063629678,0.000000000,0.000000000,0.013728855
Gedling,"76,299.000000000",0.198294947,0.545189731,0.024041636,0.185458500,0.043422535,0.000000000,0.000000000,0.003592652
Gillingham and Rainham,"73,549.000000000",0.238876645,0.449320270,0.040172824,0.224256443,0.043555109,0.000000000,0.000000000,0.003818709
Glastonbury and Somerton,"69,925.000000000",0.197119576,0.078169414,0.562004927,0.137123366,0.025582717,0.000000000,0.000000000,0.000000000
Gloucester,"76,123.000000000",0.231010771,0.455761358,0.062760841,0.190349378,0.053360626,0.000000000,0.000000000,0.006757025
Godalming and Ash,"71,232.000000000",0.257090185,0.093145379,0.479302061,0.140630528,0.023444629,0.000000000,0.000000000,0.006387218
Goole and Pocklington,"76,519.000000000",0.377988977,0.297552402,0.036713970,0.240116304,0.019854186,0.000000000,0.000000000,0.027774161
Gorton and Denton,"73,749.000000000",0.089223024,0.650659071,0.030270915,0.145039853,0.084807136,0.000000000,0.000000000,0.000000000
Gosport,"73,541.000000000",0.267525103,0.244772593,0.127040756,0.281653869,0.058121677,0.000000000,0.000000000,0.020886001
Grantham and Bourne,"72,168.000000000",0.287147295,0.355897834,0.052441971,0.239753214,0.034990077,0.000000000,0.000000000,0.029769609
Gravesham,"73,240.000000000",0.233174726,0.456897291,0.036522634,0.229038066,0.044367284,0.000000000,0.000000000,0.000000000
Great Grimsby and Cleethorpes,"77,565.000000000",0.203729437,0.450154646,0.027858712,0.277623381,0.032654982,0.000000000,0.000000000,0.007978843
Great Yarmouth,"71,956.000000000",0.276306900,0.302360443,0.027130310,0.346127861,0.039988177,0.000000000,0.000000000,0.008086310
Greenwich and Woolwich,"69,900.000000000",0.085784988,0.661513081,0.040946680,0.106004526,0.088301855,0.000000000,0.000000000,0.017448870
Guildford,"71,286.000000000",0.233156824,0.079539000,0.557963977,0.104421276,0.020026751,0.000000000,0.000000000,0.004892171
Hackney North and Stoke Newington,"80,736.000000000",0.068396358,0.681608279,0.036386566,0.059179170,0.132768309,0.000000000,0.000000000,0.021661319
Hackney South and Shoreditch,"80,391.000000000",0.059532921,0.715515149,0.032464017,0.057106054,0.116302948,0.000000000,0.000000000,0.019078911
Halesowen,"70,183.000000000",0.240446524,0.483533281,0.028949928,0.203923294,0.043146973,0.000000000,0.000000000,0.000000000
Halifax,"74,742.000000000",0.157318828,0.522307823,0.032234169,0.205976973,0.063748730,0.000000000,0.000000000,0.018413478
Hamble Valley,"76,428.000000000",0.311731644,0.219662771,0.210545098,0.196413596,0.055009367,0.000000000,0.000000000,0.006637523
Hammersmith and Chiswick,"75,119.000000000",0.141827827,0.569053227,0.072586552,0.111878699,0.090500604,0.000000000,0.000000000,0.014153091
Hampshire East,"69,715.000000000",0.336275138,0.102742699,0.297873220,0.221524089,0.034102887,0.000000000,0.000000000,0.007481967
Hampshire North East,"75,361.000000000",0.330387896,0.095828900,0.284853840,0.196057923,0.076010315,0.000000000,0.000000000,0.016861126
Hampshire North West,"75,968.000000000",0.345557008,0.305149461,0.164672493,0.151829467,0.028932538,0.000000000,0.000000000,0.003859033
Hampstead and Highgate,"77,786.000000000",0.187835611,0.274141812,0.246920800,0.062877700,0.208339979,0.000000000,0.000000000,0.019884098
"Harborough, Oadby and Wigston","74,366.000000000",0.304062554,0.411403797,0.093038109,0.145721641,0.037141696,0.000000000,0.000000000,0.008632202
Harlow,"73,339.000000000",0.381069714,0.228769277,0.058137559,0.211266409,0.108288372,0.000000000,0.000000000,0.012468669
Harpenden and Berkhamsted,"71,327.000000000",0.207723180,0.116064649,0.498210218,0.131142206,0.037169613,0.000000000,0.000000000,0.009690133
Harrogate and Knaresborough,"75,382.000000000",0.295847942,0.125668943,0.426204097,0.119966784,0.025484407,0.000000000,0.000000000,0.006827828
Harrow East,"77,127.000000000",0.229787068,0.513305829,0.040318323,0.153667169,0.056038950,0.000000000,0.000000000,0.006882662
Harrow West,"74,387.000000000",0.137555407,0.577778707,0.040269298,0.138203563,0.089194614,0.000000000,0.000000000,0.016998411
Hartlepool,"70,854.000000000",0.275099459,0.425041390,0.016827695,0.206231931,0.039684697,0.000000000,0.000000000,0.037114829
Harwich and North Essex,"75,459.000000000",0.267408659,0.399491094,0.088572927,0.194957559,0.049569761,0.000000000,0.000000000,0.000000000
Hastings and Rye,"76,846.000000000",0.215748677,0.534060956,0.038737138,0.151726966,0.055430814,0.000000000,0.000000000,0.004295449
Havant,"72,102.000000000",0.235606185,0.406728080,0.057205132,0.253495641,0.046964961,0.000000000,0.000000000,0.000000000
Hayes and Harlington,"72,327.000000000",0.101918075,0.605656697,0.022780048,0.205717072,0.063928107,0.000000000,0.000000000,0.000000000
Hazel Grove,"73,970.000000000",0.207639471,0.153029032,0.445329659,0.152050637,0.032366918,0.000000000,0.000000000,0.009584282
Hemel Hempstead,"70,036.000000000",0.224984437,0.424652418,0.091637269,0.212927993,0.045797883,0.000000000,0.000000000,0.000000000
Hendon,"72,939.000000000",0.188765320,0.546071857,0.042403347,0.144112515,0.071330965,0.000000000,0.000000000,0.007315996
Henley and Thame,"70,107.000000000",0.209985316,0.105326392,0.488395599,0.128897534,0.058203177,0.000000000,0.000000000,0.009191983
Hereford and South Herefordshire,"71,233.000000000",0.282750911,0.359970189,0.110032295,0.189363200,0.049581815,0.000000000,0.000000000,0.008301590
Herefordshire North,"71,099.000000000",0.268349676,0.117970780,0.065449542,0.175099910,0.364787840,0.000000000,0.000000000,0.008342251
Herne Bay and Sandwich,"75,704.000000000",0.432754045,0.213295095,0.064078418,0.212203578,0.077668864,0.000000000,0.000000000,0.000000000
Hertford and Stortford,"74,993.000000000",0.275557271,0.433774004,0.080671620,0.141542025,0.063128438,0.000000000,0.000000000,0.005326643
Hertfordshire North East,"76,123.000000000",0.242444018,0.422668879,0.088210617,0.192083232,0.054593254,0.000000000,0.000000000,0.000000000
Hertfordshire South West,"71,163.000000000",0.276611470,0.367576853,0.120068713,0.182010667,0.044843497,0.000000000,0.000000000,0.008888800
Hertsmere,"73,133.000000000",0.338290974,0.370944462,0.076310009,0.166572534,0.041146324,0.000000000,0.000000000,0.006735697
Hexham,"72,603.000000000",0.355509639,0.504239683,0.058419914,0.000000000,0.073370889,0.000000000,0.000000000,0.008459874
Heywood and Middleton North,"72,636.000000000",0.133715638,0.502116330,0.050040961,0.297606044,0.000000000,0.000000000,0.000000000,0.016521027
High Peak,"74,264.000000000",0.205213426,0.547796178,0.027477730,0.179011034,0.040501633,0.000000000,0.000000000,0.000000000
Hinckley and Bosworth,"75,165.000000000",0.276873702,0.154143855,0.353464225,0.189258071,0.019275061,0.000000000,0.000000000,0.006985086
Hitchin,"71,857.000000000",0.222246140,0.459697462,0.094342576,0.169703137,0.048981429,0.000000000,0.000000000,0.005029256
Holborn and St Pancras,"72,190.000000000",0.077485471,0.688829178,0.039492595,0.073569539,0.098210752,0.000000000,0.000000000,0.022412464
Honiton and Sidmouth,"74,523.000000000",0.221213110,0.128223344,0.381655498,0.224573261,0.031374206,0.000000000,0.000000000,0.012960581
Hornchurch and Upminster,"76,844.000000000",0.357367089,0.274167089,0.027058228,0.242106329,0.054865823,0.000000000,0.000000000,0.044435443
Hornsey and Friern Barnet,"69,277.000000000",0.112635675,0.356952693,0.331660864,0.068625845,0.103993447,0.000000000,0.000000000,0.026131477
Horsham,"76,767.000000000",0.292056990,0.137756011,0.410471950,0.128423865,0.026803206,0.000000000,0.000000000,0.004487979
Houghton and Sunderland South,"76,748.000000000",0.132034387,0.478463039,0.044593644,0.273686121,0.071222809,0.000000000,0.000000000,0.000000000
Hove and Portslade,"74,313.000000000",0.110427521,0.616616783,0.034678343,0.111166537,0.113161882,0.000000000,0.000000000,0.013948934
Huddersfield,"75,495.000000000",0.148576402,0.555617721,0.039910481,0.165319740,0.090575656,0.000000000,0.000000000,0.000000000
Hull East,"73,112.000000000",0.128667267,0.396014819,0.086837889,0.318388906,0.070091118,0.000000000,0.000000000,0.000000000
Huntingdon,"75,121.000000000",0.260785274,0.257071140,0.082710910,0.313415779,0.061201584,0.000000000,0.000000000,0.024815314
Hyndburn,"70,839.000000000",0.211511907,0.496741685,0.028367935,0.216914169,0.046464304,0.000000000,0.000000000,0.000000000
Ilford North,"74,670.000000000",0.186944870,0.455130168,0.029115620,0.230149311,0.083441807,0.000000000,0.015218224,0.000000000
Ilford South,"74,166.000000000",0.108730607,0.609947416,0.032788666,0.129307722,0.088566338,0.000000000,0.000000000,0.030659250
Ipswich,"75,526.000000000",0.165450171,0.552540369,0.022263905,0.202413962,0.052499592,0.000000000,0.000000000,0.004832001
Isle of Wight East,"57,470.000000000",0.225598701,0.381680422,0.037856853,0.256338790,0.071275876,0.000000000,0.000000000,0.027249357
Isle of Wight West,"55,555.000000000",0.226541782,0.392174011,0.040822660,0.228178074,0.092111945,0.000000000,0.000000000,0.020171529
Islington North,"75,162.000000000",0.122193635,0.334037796,0.032650311,0.041747067,0.084642715,0.000000000,0.365493583,0.019234892
Islington South and Finsbury,"77,383.000000000",0.081818353,0.665206520,0.055178508,0.081611551,0.094828072,0.000000000,0.000000000,0.021356996
Jarrow and Gateshead East,"71,050.000000000",0.111422289,0.510126143,0.039439880,0.238791807,0.068742044,0.000000000,0.000000000,0.031477838
Keighley and Ilkley,"72,788.000000000",0.443334269,0.317485265,0.029843765,0.137580690,0.065674993,0.000000000,0.000000000,0.006081018
Kenilworth and Southam,"70,364.000000000",0.306972305,0.176417401,0.249974884,0.226080841,0.037473628,0.000000000,0.000000000,0.003080942
Kensington and Bayswater,"79,095.000000000",0.217742563,0.518007320,0.084060115,0.121865753,0.050868245,0.000000000,0.007086124,0.000369880
Kettering,"76,557.000000000",0.242221062,0.433271771,0.055426185,0.211245835,0.050588188,0.000000000,0.000000000,0.007246959
Kingston and Surbiton,"75,437.000000000",0.103836565,0.051399602,0.630398046,0.167734703,0.039670721,0.000000000,0.000000000,0.006960363
Kingston upon Hull North and Cottingham,"76,620.000000000",0.124538163,0.469518789,0.064792286,0.268248175,0.055961071,0.000000000,0.000000000,0.016941516
Kingston upon Hull West and Haltemprice,"74,518.000000000",0.186367519,0.406051886,0.076795108,0.270491435,0.050065195,0.000000000,0.000000000,0.010228857
Kingswinford and South Staffordshire,"71,981.000000000",0.365169815,0.323533418,0.051943335,0.192063204,0.049287141,0.000000000,0.000000000,0.018003088
Knowsley,"70,836.000000000",0.059534117,0.697093383,0.024201196,0.108596166,0.083323026,0.000000000,0.000000000,0.027252113
Lancashire West,"73,347.000000000",0.126745580,0.590151251,0.027774554,0.200398437,0.054930177,0.000000000,0.000000000,0.000000000
Lancaster and Wyre,"75,065.000000000",0.185561150,0.501969303,0.046430892,0.153869579,0.112169076,0.000000000,0.000000000,0.000000000
Leeds Central and Headingley,"75,218.000000000",0.086017801,0.656062781,0.043697962,0.085137334,0.104660733,0.000000000,0.000000000,0.024423390
Leeds East,"74,719.000000000",0.155235676,0.423249063,0.015382444,0.309604451,0.042397484,0.000000000,0.000000000,0.054130882
Leeds North East,"70,545.000000000",0.113625077,0.639558213,0.039868100,0.094495540,0.085159214,0.000000000,0.000000000,0.027293856
Leeds North West,"71,302.000000000",0.205030562,0.517897944,0.073974261,0.136153260,0.057843654,0.000000000,0.000000000,0.009100318
Leeds South,"74,574.000000000",0.213967930,0.589929558,0.042404301,0.000000000,0.116878302,0.000000000,0.000000000,0.036819909
Leeds South West and Morley,"70,921.000000000",0.143989885,0.527162849,0.023016094,0.223496132,0.057347363,0.000000000,0.000000000,0.024987678
Leeds West and Pudsey,"69,837.000000000",0.137432421,0.558933322,0.032652536,0.192160817,0.064961812,0.000000000,0.000000000,0.013859092
Leicester East,"76,155.000000000",0.134992840,0.478898155,0.037022997,0.150240081,0.076088788,0.000000000,0.121619914,0.001137225
Leicester South,"71,620.000000000",0.120868344,0.362315287,0.047718813,0.202286759,0.161276662,0.000000000,0.000000000,0.105534134
Leicester West,"73,309.000000000",0.093916777,0.409692261,0.022308557,0.367692465,0.093814538,0.000000000,0.000000000,0.012575401
Leicestershire Mid,"75,557.000000000",0.245302450,0.411557818,0.065114743,0.216582788,0.061442201,0.000000000,0.000000000,0.000000000
Leicestershire North West,"74,791.000000000",0.204350394,0.444586614,0.041870079,0.242145669,0.056023622,0.000000000,0.000000000,0.011023622
Leicestershire South,"75,166.000000000",0.369491959,0.347715736,0.148914388,0.110032846,0.023845071,0.000000000,0.000000000,0.000000000
Leigh and Atherton,"76,369.000000000",0.124665685,0.520494267,0.022204715,0.279165716,0.042667883,0.000000000,0.000000000,0.010801733
Lewes,"74,728.000000000",0.238220331,0.068726297,0.556396263,0.101415225,0.031393951,0.000000000,0.000000000,0.003847933
Lewisham East,"69,956.000000000",0.076823311,0.678332108,0.034477541,0.114694566,0.077796031,0.000000000,0.000000000,0.017876443
Lewisham North,"75,020.000000000",0.061123853,0.723757645,0.034384557,0.066781346,0.098260703,0.000000000,0.000000000,0.015691896
