gss_code,name,region,Conservative,Labour,Liberal Democrat,Green Party,Reform UK,Scottish National Party,Plaid Cymru,Other,Winner,Runner Up,Difference,Outcome,winner_2019
E14001063,Aldershot,SE,0.2819847539,0.2907470774,0.1749982971,0.06274893136,0.1795595917,,,0.009961348557,Labour,Conservative,0.00876232352,Marginal,Conservative
E14001064,Aldridge-Brownhills,WM,0.3182789368,0.3213465271,0.09944614961,0.037025763,0.2106411578,,,,Labour,Conservative,0.003067590363,Marginal,Conservative
E14001065,Altrincham and Sale West,NW,0.2649411652,0.3945852264,0.1133008228,0.046494276,0.1691869748,,,0.01149153474,Labour,Conservative,0.1296440612,Likely Labour,Conservative
E14001066,Amber Valley,EM,0.3227741485,0.3670431821,0.057144286,0.04504747199,0.1948096976,,,,Labour,Conservative,0.0442690336,Marginal,Conservative
E14001067,Arundel and South Downs,SE,0.3144042975,0.2308645369,0.2091772236,0.07563548051,0.1620080293,,,0.00791043222,Conservative,Labour,0.08353976063,Lean Conservative,Conservative
E14001068,Ashfield,EM,0.2258737458,0.3404898343,0.04588986795,0.04295579168,0.3137453252,,,0.03104543508,Labour,Reform UK,0.02674450915,Marginal,Conservative
E14001069,Ashford,SE,0.2651441133,0.3351818996,0.1447963817,0.06132956504,0.1827792797,,,0.01076876065,Labour,Conservative,0.07003778633,Lean Labour,Conservative
E14001070,Ashton-under-Lyne,NW,0.1846202009,0.5106892784,0.05512435133,0.05077506962,0.175066808,,,0.02372429171,Labour,Conservative,0.3260690774,Safe Labour,Labour
E14001071,Aylesbury,SE,0.3103945637,0.2417282243,0.2038801592,0.04942754468,0.1849549344,,,0.009614573747,Conservative,Labour,0.06866633941,Lean Conservative,Conservative
E14001072,Banbury,SE,0.2682628497,0.3021260017,0.2027174273,0.05781258833,0.1587900213,,,0.0102911117,Labour,Conservative,0.03386315206,Marginal,Conservative
E14001073,Barking,GL,0.1774758312,0.5074925046,0.05492124942,0.09959840487,0.1340886173,,,0.02642339263,Labour,Conservative,0.3300166734,Safe Labour,Labour
E14001074,Barnsley North,YH,0.129971769,0.5058283496,0.0673940371,0.05233370585,0.2223571502,,,0.02211498821,Labour,Reform UK,0.2834711994,Safe Labour,Labour
E14001075,Barnsley South,YH,0.1230322127,0.5531925999,0.05509621836,0.05133817443,0.1984495287,,,0.01889126584,Labour,Reform UK,0.3547430712,Safe Labour,Labour
E14001076,Barrow and Furness,NW,0.2205722667,0.4523586834,0.0536295247,0.04066532786,0.2181828852,,,0.01459131219,Labour,Conservative,0.2317864167,Safe Labour,Conservative
E14001077,Basildon and Billericay,EE,0.3212993885,0.3121685836,0.08875815513,0.0517078691,0.2163279433,,,0.009738060368,Conservative,Labour,0.00913080494,Marginal,Conservative
E14001078,Basingstoke,SE,0.2476950633,0.3640902519,0.1369297949,0.055075098,0.1834381076,,,0.01277168431,Labour,Conservative,0.1163951886,Likely Labour,Conservative
E14001079,Bassetlaw,EM,0.2986941344,0.3672099217,0.06314425725,0.02834119591,0.2283280167,,,,Labour,Conservative,0.0685157873,Lean Labour,Conservative
E14001080,Bath,SW,0.1684196236,0.2152868908,0.4453070481,0.04673776692,0.1191009728,,,0.005147697802,Liberal Democrat,Labour,0.2300201572,Safe Liberal Democrat,Liberal Democrat
E14001081,Battersea,GL,0.1816849244,0.5083139684,0.1250242328,0.07346870954,0.0901093451,,,0.02139881971,Labour,Conservative,0.326629044,Safe Labour,Labour
E14001082,Beaconsfield,SE,0.3349199769,0.2393925936,0.09567069551,0.05287088196,0.2539193366,,,0.0232265154,Conservative,Reform UK,0.08100064034,Lean Conservative,Conservative
E14001083,Beckenham and Penge,GL,0.241092811,0.3883675022,0.1259391882,0.08731122996,0.1451130713,,,,Labour,Conservative,0.1472746913,Likely Labour,Labour
E14001084,Bedford,EE,0.2405206059,0.437383044,0.09955986715,0.05705869764,0.1517397552,,,0.01373803014,Labour,Conservative,0.196862438,Safe Labour,Labour
E14001085,Bermondsey and Old Southwark,GL,0.1297457198,0.4347517005,0.2960072399,0.06004800198,0.06526638406,,,0.01418095373,Labour,Liberal Democrat,0.1387444606,Likely Labour,Labour
E14001086,Bethnal Green and Stepney,GL,0.08178610242,0.6371481215,0.07871396897,0.1013874059,0.0686603708,,,0.03230403049,Labour,Green Party,0.5357607156,Safe Labour,Labour
E14001087,Beverley and Holderness,YH,0.3111688469,0.3532036235,0.08762082113,0.05398216414,0.1840116881,,,0.01001285615,Labour,Conservative,0.0420347766,Marginal,Conservative
E14001088,Bexhill and Battle,SE,0.3213119205,0.2853021721,0.1298677044,0.05224839548,0.2021023176,,,0.009167489862,Conservative,Labour,0.03600974837,Marginal,Conservative
E14001089,Bexleyheath and Crayford,GL,0.3055726035,0.3374934797,0.07678720632,0.047535493,0.2199938356,,,,Labour,Conservative,0.03192087622,Marginal,Conservative
E14001090,Bicester and Woodstock,SE,0.2663701798,0.2386770087,0.2580699137,0.04830453567,0.1808467985,,,0.007731563597,Conservative,Liberal Democrat,0.008300266003,Marginal,Conservative
E14001091,Birkenhead,NW,0.1213460413,0.5961544044,0.05491085983,0.06529577501,0.1474688277,,,0.01482409174,Labour,Reform UK,0.4486855768,Safe Labour,Labour
E14001092,Birmingham Edgbaston,WM,0.2479778626,0.4509308816,0.07592635639,0.07096710817,0.1373544939,,,0.01684329739,Labour,Conservative,0.202953019,Safe Labour,Labour
E14001093,Birmingham Erdington,WM,0.2299455923,0.479171735,0.0447179426,0.05756530821,0.1688290093,,,0.01977041253,Labour,Conservative,0.2492261428,Safe Labour,Labour
E14001094,Birmingham Hall Green and Moseley,WM,0.1098469736,0.5808629912,0.07312478856,0.1016497779,0.09456217141,,,0.03995329737,Labour,Conservative,0.4710160175,Safe Labour,Labour
E14001095,Birmingham Hodge Hill and Solihull North,WM,0.1752315599,0.507783531,0.05073954838,0.08842652966,0.1470808463,,,0.03073798469,Labour,Conservative,0.3325519711,Safe Labour,Labour
E14001096,Birmingham Ladywood,WM,0.07835298179,0.6842605867,0.0420422875,0.09140170902,0.07692301593,,,0.02701941907,Labour,Green Party,0.5928588777,Safe Labour,Labour
E14001097,Birmingham Northfield,WM,0.2215017587,0.4785452371,0.05418896299,0.05456896928,0.1796538938,,,0.01154117821,Labour,Conservative,0.2570434785,Safe Labour,Conservative
E14001098,Birmingham Perry Barr,WM,0.1451313702,0.5730297405,0.06496366676,0.08694992283,0.1005233912,,,0.0294019086,Labour,Conservative,0.4278983703,Safe Labour,Labour
E14001099,Birmingham Selly Oak,WM,0.2028407334,0.5056992441,0.06596777709,0.07290955617,0.1360372665,,,0.0165454227,Labour,Conservative,0.3028585108,Safe Labour,Labour
E14001100,Birmingham Yardley,WM,0.1605484527,0.5302672276,0.07989522281,0.06111480261,0.1358375748,,,0.03233671944,Labour,Conservative,0.3697187749,Safe Labour,Labour
E14001101,Bishop Auckland,NE,0.223635413,0.4453518018,0.04592131014,0.03252963815,0.2415607045,,,0.0110011325,Labour,Reform UK,0.2037910973,Safe Labour,Conservative
E14001102,Blackburn,NW,0.158185842,0.5427456036,0.05580023874,0.05115003301,0.1522248257,,,0.03989345693,Labour,Conservative,0.3845597616,Safe Labour,Labour
E14001103,Blackley and Middleton South,NW,0.1676360096,0.5497146941,0.04485090235,0.05887726935,0.1591613418,,,,Labour,Conservative,0.3820786845,Safe Labour,Labour
E14001104,Blackpool North and Fleetwood,NW,0.2342978356,0.4546379463,0.04722401418,0.03647186105,0.2147377933,,,0.01263054957,Labour,Conservative,0.2203401108,Safe Labour,Conservative
E14001105,Blackpool South,NW,0.2317666697,0.4217577759,0.05267171551,0.03364956748,0.2462110172,,,0.01394325424,Labour,Reform UK,0.1755467587,Safe Labour,Conservative
E14001106,Blaydon and Consett,NE,0.1683079807,0.5007274062,0.05487640902,0.0698068403,0.1913917463,,,0.01488961754,Labour,Reform UK,0.30933566,Safe Labour,Labour
E14001107,Blyth and Ashington,NE,0.2133661033,0.479429129,0.05812415825,0.04107340602,0.1958615816,,,,Labour,Conservative,0.2660630257,Safe Labour,Labour
E14001108,Bognor Regis and Littlehampton,SE,0.3271645002,0.2842749269,0.1307895857,0.04123203054,0.2056778277,,,0.01086112898,Conservative,Labour,0.0428895733,Marginal,Conservative
E14001109,Bolsover,EM,0.272791918,0.4132501834,0.048703091,0.03882380749,0.2095129836,,,,Labour,Conservative,0.1404582654,Likely Labour,Conservative
E14001110,Bolton North East,NW,0.2409081951,0.4470870073,0.0531068599,0.04222144396,0.1993907116,,,0.01728578214,Labour,Conservative,0.2061788122,Safe Labour,Conservative
E14001111,Bolton South and Walkden,NW,0.1881005597,0.5249535109,0.04665098165,0.05579658674,0.1545826044,,,0.02991575666,Labour,Conservative,0.3368529512,Safe Labour,Labour
E14001112,Bolton West,NW,0.2820756019,0.3658336443,0.06649713345,0.03783097799,0.2270813679,,,0.02068127443,Labour,Conservative,0.08375804245,Lean Labour,Conservative
E14001113,Bootle,NW,0.05851943825,0.7312012768,0.04394535185,0.06027988785,0.09397219684,,,0.01208184841,Labour,Reform UK,0.63722908,Safe Labour,Labour
E14001114,Boston and Skegness,EM,0.3935162171,0.212344152,0.05317089265,0.02197215822,0.3064411348,,,0.01255544518,Conservative,Reform UK,0.08707508221,Lean Conservative,Conservative
E14001115,Bournemouth East,SW,0.2895044734,0.3512525671,0.1258479855,0.05396164892,0.1699741446,,,0.009459180522,Labour,Conservative,0.06174809368,Lean Labour,Conservative
E14001116,Bournemouth West,SW,0.2590449599,0.3458530953,0.1141959869,0.06712483704,0.2042299635,,,0.00955115749,Labour,Conservative,0.0868081354,Lean Labour,Conservative
E14001117,Bracknell,SE,0.2453883138,0.3439314277,0.1444622396,0.06025771402,0.1954110375,,,0.01054926737,Labour,Conservative,0.09854311394,Lean Labour,Conservative
E14001118,Bradford East,YH,0.155187233,0.5325642112,0.08745612227,0.06829444799,0.1166638195,,,0.03983416611,Labour,Conservative,0.3773769782,Safe Labour,Labour
E14001119,Bradford South,YH,0.2183765675,0.4464984065,0.05849438833,0.07236293977,0.1663417738,,,0.03792592412,Labour,Conservative,0.228121839,Safe Labour,Labour
E14001120,Bradford West,YH,0.1340317648,0.5352937744,0.05103601952,0.08338390401,0.09849729412,,,0.09775724312,Labour,Conservative,0.4012620096,Safe Labour,Labour
E14001121,Braintree,EE,0.3131981195,0.3014659223,0.1066999764,0.03402871259,0.23435608,,,0.01025118926,Conservative,Labour,0.01173219711,Marginal,Conservative
E14001122,Brent East,GL,0.1697962622,0.5413652672,0.09329834257,0.09176215183,0.08395200575,,,0.01982597041,Labour,Conservative,0.371569005,Safe Labour,Labour
E14001123,Brent West,GL,0.2435104656,0.481967214,0.08654977683,0.06894169799,0.09821182138,,,0.02081902423,Labour,Conservative,0.2384567484,Safe Labour,Labour
E14001124,Brentford and Isleworth,GL,0.2083696001,0.4444679996,0.1527668612,0.07869719065,0.09744653185,,,0.01825181665,Labour,Conservative,0.2360983994,Safe Labour,Labour
E14001125,Brentwood and Ongar,EE,0.3495160373,0.252927199,0.1532377431,0.04587565237,0.1905921047,,,0.007851263593,Conservative,Labour,0.09658883827,Lean Conservative,Conservative
E14001126,Bridgwater,SW,0.2610181086,0.3011902139,0.1729529944,0.04075645032,0.2152237015,,,0.008858531383,Labour,Conservative,0.04017210533,Marginal,Conservative
E14001127,Bridlington and The Wolds,YH,0.3257825324,0.3004274181,0.08178210775,0.05088317857,0.2297323282,,,0.01139243503,Conservative,Labour,0.02535511429,Marginal,Conservative
E14001128,Brigg and Immingham,YH,0.3510298844,0.28304069,0.06493830266,0.04109651003,0.2476931763,,,,Conservative,Labour,0.06798919441,Lean Conservative,Conservative
E14001129,Brighton Kemptown and Peacehaven,SE,0.2464038057,0.5466839196,0.08784369194,0.1062479751,,,,0.01282060766,Labour,Conservative,0.300280114,Safe Labour,Labour
E14001130,Brighton Pavilion,SE,0.12107902,0.2883017947,0.04383500651,0.4242605659,0.1045166045,,,0.01800700836,Green Party,Labour,0.1359587711,Other,Green Party
E14001131,Bristol Central,SW,0.09387059508,0.4004294873,0.03984296803,0.3629848898,0.06947171439,,,0.03340034537,Labour,Green Party,0.03744459745,Marginal,Labour
E14001132,Bristol East,SW,0.2045519582,0.5692437345,0.08251417249,0.1261156121,,,,0.01757452276,Labour,Conservative,0.3646917763,Safe Labour,Labour
E14001133,Bristol North East,SW,0.1950450063,0.4983645563,0.06260778089,0.0772103308,0.1494265346,,,0.01734579117,Labour,Conservative,0.30331955,Safe Labour,Labour
E14001134,Bristol North West,SW,0.1978907477,0.4881408792,0.08253985605,0.09440897801,0.1262451755,,,0.01077436354,Labour,Conservative,0.2902501315,Safe Labour,Labour
E14001135,Bristol South,SW,0.1684764457,0.5103590909,0.06859798036,0.08924451675,0.1496639087,,,0.01365805765,Labour,Conservative,0.3418826452,Safe Labour,Labour
E14001136,Broadland and Fakenham,EE,0.291465282,0.3272078475,0.1392960021,0.04818510905,0.1868563825,,,,Labour,Conservative,0.03574256551,Marginal,Conservative
E14001137,Bromley and Biggin Hill,GL,0.2835292808,0.3217997438,0.1576186394,0.05756439511,0.1703010112,,,0.009186929788,Labour,Conservative,0.03827046298,Marginal,Conservative
E14001138,Bromsgrove,WM,0.2984346566,0.3117208153,0.136451938,0.0535608521,0.1913295211,,,0.008502216928,Labour,Conservative,0.01328615873,Marginal,Conservative
E14001139,Broxbourne,EE,0.3670921615,0.2751607861,0.08888649995,0.04256230839,0.2165740521,,,0.009724191925,Conservative,Labour,0.09193137549,Lean Conservative,Conservative
E14001140,Broxtowe,EM,0.2906965529,0.392909277,0.03705154345,0.05114051386,0.2129033429,,,0.01529876982,Labour,Conservative,0.1022127241,Likely Labour,Conservative
E14001141,Buckingham and Bletchley,SE,0.3094567148,0.2927221866,0.1685958605,0.04261650801,0.1761890869,,,0.01041964318,Conservative,Labour,0.01673452819,Marginal,Conservative
E14001142,Burnley,NW,0.1961814643,0.4639766762,0.08030194959,0.04142683875,0.1932916045,,,0.02482146671,Labour,Conservative,0.2677952119,Safe Labour,Conservative
E14001143,Burton and Uttoxeter,WM,0.3013593422,0.3625712211,0.0702813474,0.05219688305,0.1952404927,,,0.01835071359,Labour,Conservative,0.06121187888,Lean Labour,Conservative
E14001144,Bury North,NW,0.231201097,0.4810664238,0.05039949257,0.04206728759,0.177771535,,,0.01749416394,Labour,Conservative,0.2498653268,Safe Labour,Conservative
E14001145,Bury South,NW,0.2477703011,0.4158069016,0.07461907223,0.043781077,0.2032884626,,,0.01473418547,Labour,Conservative,0.1680366005,Safe Labour,Conservative
E14001146,Bury St Edmunds and Stowmarket,EE,0.3214371999,0.2872249598,0.0587034951,0.119093145,0.2023855925,,,0.01115560763,Conservative,Labour,0.0342122401,Marginal,Conservative
E14001147,Calder Valley,YH,0.2516358061,0.4479497582,0.06022569571,0.04248617773,0.1852674992,,,0.012435063,Labour,Conservative,0.1963139521,Safe Labour,Conservative
E14001148,Camborne and Redruth,SW,0.2480816927,0.3991002732,0.09562324771,0.05081807941,0.1962687252,,,0.01010798177,Labour,Conservative,0.1510185804,Safe Labour,Conservative
E14001149,Cambridge,EE,0.1391871644,0.4882095157,0.2697207766,0.09329111779,,,,0.009591425614,Labour,Liberal Democrat,0.2184887391,Safe Labour,Labour
E14001150,Cannock Chase,WM,0.3398574225,0.3198368756,0.03518140739,0.06665379238,0.2230797395,,,,Conservative,Labour,0.02002054685,Marginal,Conservative
E14001151,Canterbury,SE,0.2649803404,0.4438395964,0.07500080088,0.04810723696,0.1578055777,,,0.01026644767,Labour,Conservative,0.178859256,Safe Labour,Labour
E14001152,Carlisle,NW,0.2817892731,0.3907103195,0.06890674182,0.03248541204,0.2086724129,,,0.01743584065,Labour,Conservative,0.1089210465,Likely Labour,Conservative
E14001153,Carshalton and Wallington,GL,0.2169131694,0.203837104,0.397798655,0.03474995592,0.1397617091,,,0.006939406608,Liberal Democrat,Conservative,0.1808854856,Safe Liberal Democrat,Conservative
E14001154,Castle Point,EE,0.3867106181,0.2680752312,0.06418457073,0.02282505929,0.2427495485,,,,Conservative,Labour,0.1186353869,Likely Conservative,Conservative
E14001155,Central Devon,SW,0.275927239,0.310451405,0.1525011231,0.06532491459,0.1878455609,,,0.007949757436,Labour,Conservative,0.03452416595,Marginal,Conservative
E14001156,Central Suffolk and North Ipswich,EE,0.3103983746,0.3084611294,0.09718050691,0.07041460552,0.2051912589,,,0.008354124585,Conservative,Labour,0.00193724514,Marginal,Conservative
E14001157,Chatham and Aylesford,SE,0.3149488414,0.3305664676,0.08209935749,0.04186212969,0.2187180285,,,0.0118051754,Labour,Conservative,0.01561762625,Marginal,Conservative
E14001158,Cheadle,NW,0.2497784246,0.178838815,0.4060886476,0.02371289889,0.1350834054,,,0.006497808489,Liberal Democrat,Conservative,0.156310223,Safe Liberal Democrat,Conservative
E14001159,Chelmsford,EE,0.2932821277,0.2031585923,0.2964023054,0.03323611471,0.1673563602,,,0.00656449968,Liberal Democrat,Conservative,0.003120177743,Marginal,Conservative
E14001160,Chelsea and Fulham,GL,0.2782912624,0.3265302923,0.2171941612,0.05176172394,0.1121428456,,,0.01407971461,Labour,Conservative,0.04823902985,Marginal,Conservative
E14001161,Cheltenham,SW,0.2989169907,0.156113672,0.4963313191,0.04386566058,,,,0.004772357674,Liberal Democrat,Conservative,0.1974143284,Safe Liberal Democrat,Conservative
E14001162,Chesham and Amersham,SE,0.2696761546,0.2020065186,0.2961614651,0.05458136533,0.1683929177,,,0.009181578697,Liberal Democrat,Conservative,0.02648531043,Marginal,Conservative
E14001163,Chester North and Neston,NW,0.2304388956,0.4847007155,0.07979500987,0.0572238831,0.1368306218,,,,Labour,Conservative,0.2542618199,Safe Labour,Labour
E14001164,Chester South and Eddisbury,NW,0.3052538456,0.3162070201,0.1602371332,0.04354782607,0.1660718326,,,0.008682342454,Labour,Conservative,0.01095317449,Marginal,Conservative
E14001165,Chesterfield,EM,0.202613962,0.4843668142,0.07910025875,0.0510012778,0.1696147733,,,0.01330291396,Labour,Conservative,0.2817528523,Safe Labour,Labour
E14001166,Chichester,SE,0.2810226498,0.1895457329,0.3049025007,0.06203166074,0.1548314143,,,0.007666041494,Liberal Democrat,Conservative,0.02387985086,Marginal,Conservative
E14001167,Chingford and Woodford Green,GL,0.2784488926,0.4127747275,0.06235934506,0.05141043388,0.1675234724,,,0.02748312858,Labour,Conservative,0.1343258349,Likely Labour,Conservative
E14001168,Chippenham,SW,0.2677590833,0.1958707082,0.3166422774,0.03977930502,0.1740475934,,,0.005901032722,Liberal Democrat,Conservative,0.04888319405,Marginal,Conservative
E14001169,Chipping Barnet,GL,0.2855771676,0.3891868998,0.1083348706,0.06270458743,0.1352415796,,,0.01895489486,Labour,Conservative,0.1036097322,Likely Labour,Conservative
E14001171,Christchurch,SW,0.2749971441,0.2241992076,0.2102598651,0.04805465758,0.2355616269,,,0.006927498733,Conservative,Reform UK,0.03943551721,Marginal,Conservative
E14001172,Cities of London and Westminster,GL,0.2837416862,0.3231728109,0.229707351,0.05188266528,0.0933799067,,,0.01811557989,Labour,Conservative,0.03943112474,Marginal,Conservative
E14001173,City of Durham,NE,0.2165212223,0.4020348562,0.1353577008,0.05559091362,0.1813712379,,,0.009124069139,Labour,Conservative,0.1855136339,Safe Labour,Labour
E14001174,Clacton,EE,0.2624718813,0.2157509285,0.05991166966,0.03629192104,0.413528057,,,0.01204554242,Reform UK,Conservative,0.1510561757,Safe Reform UK,Conservative
E14001175,Clapham and Brixton Hill,GL,0.1387274825,0.524532756,0.1697532667,0.08302956073,0.07054694354,,,0.01340999055,Labour,Liberal Democrat,0.3547794892,Safe Labour,Labour
E14001176,Colchester,EE,0.2784123739,0.3492601897,0.1332666118,0.05637663127,0.1739085187,,,0.008775674596,Labour,Conservative,0.07084781576,Lean Labour,Conservative
E14001177,Colne Valley,YH,0.2454843046,0.438270284,0.07491110353,0.04844971628,0.1794323633,,,0.01345222821,Labour,Conservative,0.1927859794,Safe Labour,Conservative
E14001178,Congleton,NW,0.2970850648,0.3504245429,0.1081858826,0.04624943259,0.1882505632,,,0.009804514027,Labour,Conservative,0.05333947813,Lean Labour,Conservative
E14001179,Corby and East Northamptonshire,EM,0.2829676472,0.4026217741,0.07072569185,0.03840087003,0.193620825,,,0.01166319187,Labour,Conservative,0.1196541269,Likely Labour,Conservative
E14001180,Coventry East,WM,0.1794024485,0.5275398159,0.05916564205,0.06175419585,0.1539841435,,,0.01815375429,Labour,Conservative,0.3481373674,Safe Labour,Labour
E14001181,Coventry North West,WM,0.2208205577,0.4797790011,0.06292839966,0.05984777137,0.1614797416,,,0.01514452858,Labour,Conservative,0.2589584434,Safe Labour,Labour
E14001182,Coventry South,WM,0.2694537228,0.4124607247,0.0761302445,0.06527445944,0.1620102113,,,0.01467063717,Labour,Conservative,0.1430070019,Likely Labour,Labour
E14001183,Cramlington and Killingworth,NE,0.1901945477,0.5087434308,0.06342352691,0.04049065278,0.1841744009,,,0.01297344096,Labour,Conservative,0.3185488831,Safe Labour,Labour
E14001184,Crawley,SE,0.260598916,0.3926013789,0.06680108419,0.05652684123,0.2027249289,,,0.02074685081,Labour,Conservative,0.1320024628,Likely Labour,Conservative
E14001185,Crewe and Nantwich,NW,0.2353165545,0.4189248822,0.07397349567,0.0428674993,0.2144631213,,,0.01445444702,Labour,Conservative,0.1836083277,Safe Labour,Conservative
E14001186,Croydon East,GL,0.2635019118,0.4287439005,0.08033936841,0.06904549684,0.1457634716,,,,Labour,Conservative,0.1652419886,Safe Labour,Labour
E14001187,Croydon South,GL,0.3084911034,0.3001452322,0.1595440669,0.06508703875,0.1553866774,,,0.01134588131,Conservative,Labour,0.008345871186,Marginal,Conservative
E14001188,Croydon West,GL,0.1696702146,0.5709801921,0.06821167889,0.08663296667,0.08925885372,,,0.01524609404,Labour,Conservative,0.4013099775,Safe Labour,Labour
E14001189,Dagenham and Rainham,GL,0.1893531982,0.4957042977,0.06134331702,0.06256265358,0.1671607629,,,0.02387577065,Labour,Conservative,0.3063510996,Safe Labour,Labour
E14001190,Darlington,NE,0.2564286737,0.4294893331,0.05667518676,0.0391948705,0.2074233757,,,,Labour,Conservative,0.1730606594,Safe Labour,Conservative
E14001191,Dartford,SE,0.3031940963,0.3340990807,0.08718445238,0.04615282641,0.216372845,,,,Labour,Conservative,0.0309049844,Marginal,Conservative
E14001192,Daventry,EM,0.353129267,0.2717285915,0.1227139464,0.06152653701,0.181979234,,,,Conservative,Labour,0.08140067549,Lean Conservative,Conservative
E14001193,Derby North,EM,0.2694378095,0.426462734,0.07755875536,0.04779202981,0.1665797839,,,,Labour,Conservative,0.1570249245,Safe Labour,Conservative
E14001194,Derby South,EM,0.2676670042,0.4341221797,0.06556984259,0.04568576689,0.164449546,,,0.02250566065,Labour,Conservative,0.1664551754,Safe Labour,Labour
E14001195,Derbyshire Dales,EM,0.3149761556,0.3180091545,0.1132710113,0.09248373354,0.1524165769,,,0.008843368204,Labour,Conservative,0.003032998929,Marginal,Conservative
E14001196,Dewsbury and Batley,YH,0.1483972125,0.5559309755,0.04430355925,0.06182108382,0.1475199374,,,0.04202723156,Labour,Conservative,0.4075337629,Safe Labour,Labour
E14001197,Didcot and Wantage,SE,0.2190186113,0.2470147757,0.3113840033,0.04289202621,0.1719511639,,,0.00773941953,Liberal Democrat,Labour,0.06436922757,Lean Liberal Democrat,Conservative
E14001198,Doncaster Central,YH,0.2121236886,0.4218693146,0.05606852109,0.04820866795,0.2439096128,,,0.01782019496,Labour,Reform UK,0.1779597018,Safe Labour,Labour
E14001199,Doncaster East and the Isle of Axholme,YH,0.2561733903,0.396977964,0.05803319515,0.04497685914,0.2294856809,,,0.01435291053,Labour,Conservative,0.1408045737,Likely Labour,Conservative
E14001200,Doncaster North,YH,0.284404241,0.5102863096,0.09757628167,0.08828053162,,,,0.01921318789,Labour,Conservative,0.2258820687,Safe Labour,Labour
E14001201,Dorking and Horley,SE,0.2791713587,0.1371695983,0.3648964735,0.04798916024,0.1637927865,,,,Liberal Democrat,Conservative,0.08572511481,Lean Liberal Democrat,Conservative
E14001202,Dover and Deal,SE,0.2877333654,0.3721664593,0.06963746971,0.04308271173,0.2147234293,,,0.01265656461,Labour,Conservative,0.08443309391,Lean Labour,Conservative
E14001203,Droitwich and Evesham,WM,0.3079801466,0.2776356769,0.1296224132,0.06664523839,0.2085411277,,,0.009575397162,Conservative,Labour,0.03034446976,Marginal,Conservative
E14001204,Dudley,WM,0.3357298883,0.326698416,0.05286522359,0.05091109068,0.2127344267,,,0.02106095483,Conservative,Labour,0.009031472289,Marginal,Conservative
E14001205,Dulwich and West Norwood,GL,0.1091603729,0.6004719435,0.03182423638,0.1747843591,0.06630096974,,,0.0174581184,Labour,Green Party,0.4256875844,Safe Labour,Labour
E14001206,Dunstable and Leighton Buzzard,EE,0.2802978898,0.332436232,0.1110291561,0.06230932078,0.2047618271,,,0.009165574262,Labour,Conservative,0.05213834214,Lean Labour,Conservative
E14001207,Ealing Central and Acton,GL,0.1756537491,0.4916340879,0.1521202763,0.08706384561,0.07522454585,,,0.01830349521,Labour,Conservative,0.3159803388,Safe Labour,Labour
E14001208,Ealing North,GL,0.2346497476,0.4837903313,0.08162151807,0.07761915486,0.1036641251,,,0.01865512313,Labour,Conservative,0.2491405837,Safe Labour,Labour
E14001209,Ealing Southall,GL,0.1707705227,0.5541939564,0.08688906981,0.08141143865,0.0845002097,,,0.02223480277,Labour,Conservative,0.3834234337,Safe Labour,Labour
E14001210,Earley and Woodley,SE,0.3319433116,0.3662708497,0.2555446456,0.08574630782,,,,0.01019376957,Labour,Conservative,0.03432753813,Marginal,Conservative
E14001211,Easington,NE,0.1281643569,0.5259147244,0.05511301557,0.03703322989,0.2380683007,,,0.01570637257,Labour,Reform UK,0.2878464238,Safe Labour,Labour
E14001212,East Grinstead and Uckfield,SE,0.3259954228,0.2440289392,0.3361035434,0.08640627322,,,,0.007300126541,Liberal Democrat,Conservative,0.01010812061,Marginal,Conservative
E14001213,East Ham,GL,0.112631947,0.6238091498,0.04450902766,0.09763364264,0.08636870152,,,0.03504753137,Labour,Conservative,0.5111772029,Safe Labour,Labour
E14001214,East Hampshire,SE,0.2889952805,0.2139086345,0.2747726379,0.05967629846,0.1545097447,,,0.008137403884,Conservative,Liberal Democrat,0.01422264262,Marginal,Conservative
E14001215,East Surrey,SE,0.2976079222,0.2223397723,0.2389587575,0.05428432629,0.1785380257,,,0.008271195996,Conservative,Liberal Democrat,0.05864916468,Lean Conservative,Conservative
E14001216,East Thanet,SE,0.2444510437,0.4256485324,0.05767967027,0.05379584169,0.2055529706,,,0.01287194125,Labour,Conservative,0.1811974887,Safe Labour,Conservative
E14001217,East Wiltshire,SW,0.3192928641,0.2448797446,0.1608085627,0.05632698592,0.2110029375,,,0.007688905275,Conservative,Labour,0.07441311943,Lean Conservative,Conservative
E14001218,East Worthing and Shoreham,SE,0.2145717591,0.4547794645,0.08351717109,0.06608586163,0.1677213075,,,0.01332443617,Labour,Conservative,0.2402077053,Safe Labour,Conservative
E14001219,Eastbourne,SE,0.2094060875,0.1471821267,0.431998083,0.02287665883,0.1821191944,,,0.006417849569,Liberal Democrat,Conservative,0.2225919956,Safe Liberal Democrat,Conservative
E14001220,Eastleigh,SE,0.2868488904,0.1864413899,0.3116748462,0.03967043489,0.1692027051,,,0.006161733563,Liberal Democrat,Conservative,0.02482595577,Marginal,Conservative
E14001221,Edmonton and Winchmore Hill,GL,0.2407745975,0.4775512796,0.06188249038,0.08849280591,0.1143817929,,,0.01691703372,Labour,Conservative,0.2367766821,Safe Labour,Labour
E14001222,Ellesmere Port and Bromborough,NW,0.1450911535,0.5572982904,0.07542675708,0.04575636551,0.1623800866,,,0.01404734693,Labour,Reform UK,0.3949182038,Safe Labour,Labour
E14001223,Eltham and Chislehurst,GL,0.2800570002,0.4061349802,0.07822281947,0.061497133,0.1623469083,,,0.01174115882,Labour,Conservative,0.1260779801,Likely Labour,Conservative
E14001224,Ely and East Cambridgeshire,EE,0.2619515136,0.2261558125,0.3178866259,0.03718452074,0.150591625,,,0.006229902251,Liberal Democrat,Conservative,0.05593511235,Lean Liberal Democrat,Conservative
E14001225,Enfield North,GL,0.2237470308,0.4949963724,0.06630771025,0.08563334234,0.1130892525,,,0.01622629165,Labour,Conservative,0.2712493417,Safe Labour,Labour
E14001226,Epping Forest,EE,0.4124816046,0.3212760514,0.1710547048,0.08633599043,,,,0.008657983142,Conservative,Labour,0.09120555328,Lean Conservative,Conservative
E14001227,Epsom and Ewell,SE,0.2805241688,0.2045812378,0.2790422176,0.04427834311,0.1821844396,,,0.009389593147,Conservative,Liberal Democrat,0.00148195122,Marginal,Conservative
E14001228,Erewash,EM,0.3017898535,0.3969625449,0.05463036821,0.04158314119,0.1897194352,,,0.01531465701,Labour,Conservative,0.09517269133,Lean Labour,Conservative
E14001229,Erith and Thamesmead,GL,0.1867719031,0.5447286976,0.06368676547,0.07265358022,0.1186628683,,,0.01349618537,Labour,Conservative,0.3579567945,Safe Labour,Labour
E14001230,Esher and Walton,SE,0.2556036341,0.1207588198,0.4408635115,0.02379529466,0.1538169863,,,0.005161753604,Liberal Democrat,Conservative,0.1852598773,Safe Liberal Democrat,Conservative
E14001231,Exeter,SW,0.1875472045,0.5360993435,0.0387889783,0.09092320984,0.1353920273,,,0.01124923654,Labour,Conservative,0.348552139,Safe Labour,Labour
E14001232,Exmouth and Exeter East,SW,0.2728061004,0.2891298642,0.1262187478,0.04521020356,0.2504829042,,,0.01615217982,Labour,Conservative,0.01632376376,Marginal,Conservative
E14001233,Fareham and Waterlooville,SE,0.284748993,0.2493321743,0.2037778687,0.05807032109,0.1954731072,,,0.008597535767,Conservative,Labour,0.03541681867,Marginal,Conservative
E14001234,Farnham and Bordon,SE,0.3360936909,0.1403489721,0.3363285007,0.02997096153,0.151532865,,,0.005725009837,Liberal Democrat,Conservative,0.0002348097611,Marginal,Conservative
E14001235,Faversham and Mid Kent,SE,0.3211151129,0.2736343849,0.1274459834,0.05195758916,0.2161487203,,,0.009698209366,Conservative,Labour,0.04748072795,Marginal,Conservative
E14001236,Feltham and Heston,GL,0.2139294567,0.5059765001,0.07771760032,0.06119449802,0.1173338055,,,0.02384813934,Labour,Conservative,0.2920470434,Safe Labour,Labour
E14001237,Filton and Bradley Stoke,SW,0.2893064235,0.3782701934,0.09793621077,0.05444731211,0.1705476758,,,,Labour,Conservative,0.08896376991,Lean Labour,Conservative
E14001238,Finchley and Golders Green,GL,0.3131415414,0.2673340555,0.2531993095,0.0453552562,0.1106599013,,,0.01030993609,Conservative,Labour,0.04580748598,Marginal,Conservative
E14001239,Folkestone and Hythe,SE,0.2722053678,0.3361031262,0.1062025101,0.05588580811,0.2184392102,,,0.0111639776,Labour,Conservative,0.06389775846,Lean Labour,Conservative
E14001240,Forest of Dean,SW,0.2683537041,0.3887139178,0.04048252945,0.08742746144,0.202500446,,,0.01252194115,Labour,Conservative,0.1203602137,Likely Labour,Conservative
E14001241,Frome and East Somerset,SW,0.2175818882,0.2910571924,0.2536048194,0.06710990194,0.1630259165,,,0.007620281598,Labour,Liberal Democrat,0.037452373,Marginal,Conservative
E14001242,Fylde,NW,0.3191438832,0.3314296107,0.09196640053,0.04668698126,0.1999902842,,,0.01078284015,Labour,Conservative,0.01228572746,Marginal,Conservative
E14001243,Gainsborough,EM,0.3938545153,0.2702396217,0.09863201005,0.02792965718,0.1997813733,,,0.00956282246,Conservative,Labour,0.1236148936,Likely Conservative,Conservative
E14001244,Gateshead Central and Whickham,NE,0.1771733375,0.504917318,0.09904663197,0.05450305,0.1540484693,,,0.01031119322,Labour,Conservative,0.3277439805,Safe Labour,Labour
E14001245,Gedling,EM,0.2491656206,0.4522088379,0.05209119172,0.05139242805,0.1805520865,,,0.01458983527,Labour,Conservative,0.2030432173,Safe Labour,Conservative
E14001246,Gillingham and Rainham,SE,0.3055394325,0.343307373,0.07455855142,0.04260547542,0.2205940317,,,0.01339513591,Labour,Conservative,0.03776794053,Marginal,Conservative
E14001247,Glastonbury and Somerton,SW,0.2599173097,0.1809891722,0.3388636753,0.03931601838,0.1755598749,,,,Liberal Democrat,Conservative,0.07894636562,Lean Liberal Democrat,Conservative
E14001248,Gloucester,SW,0.2639829921,0.3882141943,0.08571683201,0.05078770799,0.1997625882,,,0.0115356854,Labour,Conservative,0.1242312021,Likely Labour,Conservative
E14001249,Godalming and Ash,SE,0.2955569681,0.1532727474,0.376893833,0.03452744406,0.133472102,,,0.006276905382,Liberal Democrat,Conservative,0.08133686488,Lean Liberal Democrat,Conservative
E14001250,Goole and Pocklington,YH,0.3080606174,0.3088565305,0.1010518738,0.05761141201,0.2096494412,,,0.01477012523,Labour,Conservative,0.0007959131042,Marginal,Conservative
E14001251,Gorton and Denton,NW,0.1340190929,0.5890989043,0.07269570019,0.06131447883,0.1195107682,,,0.0233610556,Labour,Conservative,0.4550798114,Safe Labour,Labour
E14001252,Gosport,SE,0.290634778,0.3013283323,0.1179737921,0.04661631656,0.2332144815,,,0.01023229953,Labour,Conservative,0.01069355433,Marginal,Conservative
E14001253,Grantham and Bourne,EM,0.3442654553,0.2851039362,0.1066694009,0.05446267412,0.1988807763,,,0.01061775722,Conservative,Labour,0.05916151901,Lean Conservative,Conservative
E14001254,Gravesham,SE,0.3173897175,0.3439895949,0.06998974787,0.04509536995,0.2107993994,,,,Labour,Conservative,0.02659987746,Marginal,Conservative
E14001255,Great Grimsby and Cleethorpes,YH,0.2746606806,0.3494502709,0.05233806594,0.04003284763,0.2695560331,,,0.01396210172,Labour,Conservative,0.07478959029,Lean Labour,Conservative
E14001256,Great Yarmouth,EE,0.3447780681,0.2915160969,0.05516112699,0.03487330405,0.2626651049,,,0.01100629904,Conservative,Labour,0.05326197115,Lean Conservative,Conservative
E14001257,Greenwich and Woolwich,GL,0.1491685726,0.5407941353,0.1342098635,0.08752171511,0.07428067457,,,0.01402503888,Labour,Conservative,0.3916255627,Safe Labour,Labour
E14001258,Guildford,SE,0.2227325828,0.1708994973,0.4256256383,0.03181132165,0.1417046157,,,0.007226344379,Liberal Democrat,Conservative,0.2028930555,Safe Liberal Democrat,Conservative
E14001259,Hackney North and Stoke Newington,GL,0.1016264618,0.5963066134,0.07251540245,0.1270749379,0.07707631958,,,0.02540026488,Labour,Green Party,0.4692316755,Safe Labour,Labour
E14001260,Hackney South and Shoreditch,GL,0.08689163246,0.6379493802,0.0713970928,0.1209448392,0.06361483172,,,0.01920222359,Labour,Green Party,0.517004541,Safe Labour,Labour
E14001261,Halesowen,WM,0.2975860227,0.3761887707,0.05057775538,0.05253479206,0.2082515151,,,,Labour,Conservative,0.078602748,Lean Labour,Conservative
E14001262,Halifax,YH,0.2207440224,0.4675917838,0.05772242117,0.06363947922,0.1705258987,,,0.01977639467,Labour,Conservative,0.2468477614,Safe Labour,Labour
E14001263,Hamble Valley,SE,0.3060149485,0.2129080721,0.2391929433,0.04868059568,0.1856291677,,,0.007574272722,Conservative,Liberal Democrat,0.06682200526,Lean Conservative,Conservative
E14001264,Hammersmith and Chiswick,GL,0.2029634917,0.450221171,0.1355855272,0.1048046677,0.08501877096,,,0.02140637145,Labour,Conservative,0.2472576793,Safe Labour,Labour
E14001265,Hampstead and Highgate,GL,0.1755338785,0.4265653211,0.218471689,0.08045412076,0.0812486862,,,0.01772630448,Labour,Liberal Democrat,0.2080936321,Safe Labour,Labour
E14001266,"Harborough, Oadby and Wigston",EM,0.3337078419,0.3091457162,0.1345344788,0.05201726,0.1608474687,,,0.009747234343,Conservative,Labour,0.02456212567,Marginal,Conservative
E14001267,Harlow,EE,0.3238107208,0.3449366102,0.07723650267,0.03499424607,0.2077509551,,,0.01127096527,Labour,Conservative,0.02112588939,Marginal,Conservative
E14001268,Harpenden and Berkhamsted,EE,0.3118912021,0.1688803929,0.3028529347,0.03978825282,0.1687492531,,,0.007837964343,Conservative,Liberal Democrat,0.009038267423,Marginal,Conservative
E14001269,Harrogate and Knaresborough,YH,0.2812079929,0.1690997671,0.3658935441,0.02723549079,0.1507894388,,,0.005773766189,Liberal Democrat,Conservative,0.08468555117,Lean Liberal Democrat,Conservative
E14001270,Harrow East,GL,0.3380933418,0.3489480926,0.09182525838,0.0522957353,0.1469705138,,,0.0218670581,Labour,Conservative,0.01085475082,Marginal,Conservative
E14001271,Harrow West,GL,0.2380676279,0.4413429476,0.1269555483,0.07311981901,0.1005971194,,,0.01991693778,Labour,Conservative,0.2032753197,Safe Labour,Labour
E14001272,Hartlepool,NE,0.1535111902,0.4867998129,0.05739679233,0.03091973519,0.2566116121,,,0.01476085738,Labour,Reform UK,0.2301882008,Safe Labour,Labour
E14001273,Harwich and North Essex,EE,0.2799411633,0.3621136385,0.1040710128,0.05236566787,0.1929095095,,,,Labour,Conservative,0.08217247518,Lean Labour,Conservative
E14001274,Hastings and Rye,SE,0.2766385993,0.4066490472,0.08022709322,0.03465832972,0.190262549,,,0.01156438149,Labour,Conservative,0.1300104479,Likely Labour,Conservative
E14001275,Havant,SE,0.3123784034,0.2753978843,0.1258812357,0.03980511112,0.2363152101,,,0.01022215544,Conservative,Labour,0.03698051908,Marginal,Conservative
E14001276,Hayes and Harlington,GL,0.2221582922,0.5117609201,0.06171154909,0.0648438922,0.1177880645,,,0.02173728192,Labour,Conservative,0.2896026278,Safe Labour,Labour
E14001277,Hazel Grove,NW,0.2329536858,0.2108165147,0.3615490592,0.02342224728,0.1652053405,,,0.006053152475,Liberal Democrat,Conservative,0.1285953734,Likely Liberal Democrat,Conservative
E14001278,Hemel Hempstead,EE,0.3094600017,0.3081641751,0.1251631276,0.05216826969,0.1955037292,,,,Conservative,Labour,0.001295826669,Marginal,Conservative
E14001279,Hendon,GL,0.3200940631,0.3991593237,0.08770266998,0.05686851086,0.1191915328,,,0.01698389963,Labour,Conservative,0.0790652606,Lean Labour,Conservative
E14001280,Henley and Thame,SE,0.2965270625,0.1596908725,0.3380178149,0.05063498999,0.148215045,,,0.006914215112,Liberal Democrat,Conservative,0.04149075234,Marginal,Conservative
E14001281,Hereford and South Herefordshire,WM,0.2948025879,0.3002310579,0.1438330177,0.06456893235,0.1869023569,,,0.009662047282,Labour,Conservative,0.005428470086,Marginal,Conservative
E14001282,Herne Bay and Sandwich,SE,0.3224713864,0.3027959179,0.08552610961,0.04738863565,0.230612825,,,,Conservative,Labour,0.01967546855,Marginal,Conservative
E14001283,Hertford and Stortford,EE,0.2873961064,0.312408391,0.1274718971,0.06075128719,0.2033331266,,,0.008639191677,Labour,Conservative,0.02501228464,Marginal,Conservative
E14001284,Hertsmere,EE,0.3658087413,0.2703345702,0.1166594719,0.05022471469,0.1886878567,,,0.008284645294,Conservative,Labour,0.0954741711,Lean Conservative,Conservative
E14001285,Hexham,NE,0.38153233,0.4156702524,0.1123780503,0.08083585137,,,,0.0095835159,Labour,Conservative,0.03413792247,Marginal,Conservative
E14001286,Heywood and Middleton North,NW,0.2020118753,0.5301412765,0.0580181026,,0.1916692519,,,0.01815949376,Labour,Conservative,0.3281294012,Safe Labour,Labour
E14001287,High Peak,EM,0.2432404668,0.4772842198,0.05095060549,0.05426397854,0.1614102094,,,,Labour,Conservative,0.2340437531,Safe Labour,Conservative
E14001288,Hinckley and Bosworth,EM,0.3074824727,0.2542383274,0.2087221479,0.04680770144,0.1743816559,,,0.008367694593,Conservative,Labour,0.05324414525,Lean Conservative,Conservative
E14001289,Hitchin,EE,0.228727318,0.3290940233,0.2316403582,0.04811038171,0.1544397862,,,0.007988132582,Labour,Liberal Democrat,0.0974536651,Lean Labour,Conservative
E14001290,Holborn and St Pancras,GL,0.1030228647,0.6026647511,0.1078590211,0.08393111752,0.08408496672,,,0.01843727883,Labour,Liberal Democrat,0.49480573,Safe Labour,Labour
E14001291,Honiton and Sidmouth,SW,0.2889379646,0.1324244583,0.2861358463,0.04821278951,0.2342080441,,,0.01008089718,Conservative,Liberal Democrat,0.002802118269,Marginal,Conservative
E14001292,Hornchurch and Upminster,GL,0.2880258108,0.356030055,0.09085794597,0.05679521654,0.1958638698,,,0.01242710188,Labour,Conservative,0.06800424414,Lean Labour,Conservative
E14001293,Hornsey and Friern Barnet,GL,0.09025109973,0.5201765422,0.2301908255,0.08457313118,0.06190683309,,,0.01290156831,Labour,Liberal Democrat,0.2899857168,Safe Labour,Labour
E14001294,Horsham,SE,0.3002863363,0.2154062881,0.26072951,0.04670114788,0.1695932978,,,0.007283419892,Conservative,Liberal Democrat,0.03955682636,Marginal,Conservative
E14001295,Houghton and Sunderland South,NE,0.1759456438,0.4671539361,0.06212771233,0.04349554035,0.2374366603,,,,Labour,Reform UK,0.2297172758,Safe Labour,Labour
E14001296,Hove and Portslade,SE,0.1591353872,0.5717608307,0.06992064521,0.07375318295,0.1105170829,,,0.01491287101,Labour,Conservative,0.4126254435,Safe Labour,Labour
E14001297,Huddersfield,YH,0.2337036009,0.4471376196,0.0556458871,0.08977992894,0.1535913164,,,,Labour,Conservative,0.2134340188,Safe Labour,Labour
