code,name,con,grn,lab,lib,oth,pc,ref,snp
E14001063,Aldershot,35.40,3.81,34.04,13.66,2.20,0,10.87,0
E14001064,Aldridge-Brownhills,35.21,3.02,38.41,4.81,1.46,0,17.03,0
E14001065,Altrincham and Sale West,25.52,3.41,53.06,8.54,2.03,0,7.38,0
E14001066,Amber Valley,30.73,3.92,41.32,4.97,2.04,0,16.97,0
E14001067,Arundel and South Downs,33.28,8.46,26.15,21.24,2.19,0,8.59,0
E14001068,Ashfield,17.23,2.39,39.61,8.79,16.52,0,15.40,0
E14001069,Ashford,28.74,4.46,49.01,6.88,2.12,0,8.78,0
E14001070,Ashton-under-Lyne,17.20,2.35,61.85,3.82,2.31,0,12.45,0
E14001071,Aylesbury,31.49,2.71,37.03,15.01,1.45,0,12.30,0
E14001072,Banbury,31.92,8.19,31.17,14.49,1.64,0,12.57,0
E14001073,Barking,19.74,2.78,53.93,9.11,5.84,0,8.58,0
E14001074,Barnsley North,13.01,6.09,53.62,5.27,4.93,0,17.02,0
E14001075,Barnsley South,14.00,2.76,52.66,5.16,3.78,0,21.57,0
E14001076,Barrow and Furness,26.21,2.97,50.25,3.98,1.50,0,15.06,0
E14001077,Basildon and Billericay,31.46,2.49,39.62,5.02,2.81,0,18.57,0
E14001078,Basingstoke,28.71,4.97,46.72,7.69,1.99,0,9.91,0
E14001079,Bassetlaw,27.70,2.27,41.40,5.63,3.62,0,19.35,0
E14001080,Bath,14.55,3.76,22.82,49.62,2.66,0,6.54,0
E14001081,Battersea,27.42,4.68,44.59,12.42,5.21,0,5.52,0
E14001082,Beaconsfield,32.13,3.03,29.72,17.69,3.88,0,13.51,0
E14001083,Beckenham and Penge,26.39,4.47,45.16,12.67,2.72,0,8.55,0
E14001084,Bedford,26.58,6.03,41.82,8.81,5.88,0,10.84,0
E14001085,Bermondsey and Old Southwark,16.56,7.56,43.31,21.25,7.60,0,3.68,0
E14001086,Bethnal Green and Stepney,15.45,4.74,58.61,8.92,4.78,0,7.44,0
E14001087,Beverley and Holderness,33.57,3.52,39.69,7.75,1.70,0,13.74,0
E14001088,Bexhill and Battle,31.17,3.90,37.01,10.68,1.96,0,15.24,0
E14001089,Bexleyheath and Crayford,27.62,2.62,48.81,4.83,2.96,0,13.13,0
E14001090,Bicester and Woodstock,28.13,3.87,29.07,24.46,2.72,0,11.71,0
E14001091,Birkenhead,10.15,5.01,66.74,3.64,4.03,0,10.34,0
E14001092,Birmingham Edgbaston,22.29,3.37,53.68,8.18,4.47,0,7.97,0
E14001093,Birmingham Erdington,20.74,1.88,59.10,5.42,2.70,0,10.12,0
E14001094,Birmingham Hall Green and Moseley,13.44,3.65,63.52,4.70,4.51,0,10.08,0
E14001095,Birmingham Hodge Hill and Solihull North,17.27,2.04,60.76,5.30,3.00,0,11.56,0
E14001096,Birmingham Ladywood,16.39,4.49,63.00,7.71,3.69,0,4.66,0
E14001097,Birmingham Northfield,22.68,2.74,52.06,5.45,2.28,0,14.76,0
E14001098,Birmingham Perry Barr,17.91,2.32,60.38,6.00,3.20,0,10.11,0
E14001099,Birmingham Selly Oak,18.99,7.35,56.08,5.72,3.11,0,8.72,0
E14001100,Birmingham Yardley,16.64,5.04,55.05,6.64,5.42,0,11.17,0
E14001101,Bishop Auckland,24.76,6.01,46.79,4.19,1.90,0,16.19,0
E14001102,Blackburn,17.72,2.63,64.71,3.86,2.62,0,8.41,0
E14001103,Blackley and Middleton South,17.18,3.73,61.64,4.52,3.79,0,9.13,0
E14001104,Blackpool North and Fleetwood,25.45,2.76,53.57,3.89,1.02,0,13.26,0
E14001105,Blackpool South,21.59,2.32,47.00,2.95,1.82,0,24.23,0
E14001106,Blaydon and Consett,18.10,2.14,57.83,5.06,2.13,0,14.65,0
E14001107,Blyth and Ashington,17.18,2.44,56.83,4.55,1.90,0,17.03,0
E14001108,Bognor Regis and Littlehampton,33.49,6.98,34.75,8.90,2.28,0,13.55,0
E14001109,Bolsover,22.23,2.74,50.48,4.24,3.09,0,17.17,0
E14001110,Bolton North East,23.91,2.89,54.40,6.50,1.95,0,10.31,0
E14001111,Bolton South and Walkden,19.09,4.93,58.65,4.38,2.86,0,10.06,0
E14001112,Bolton West,26.19,3.22,48.76,5.34,1.81,0,14.65,0
E14001113,Bootle,7.22,3.97,75.64,2.91,2.58,0,7.61,0
E14001114,Boston and Skegness,36.32,2.72,32.91,6.85,2.57,0,18.57,0
E14001115,Bournemouth East,28.12,4.15,46.00,8.41,2.86,0,10.43,0
E14001116,Bournemouth West,25.57,4.18,48.29,7.49,2.33,0,12.11,0
E14001117,Bracknell,35.23,2.95,37.75,10.77,3.16,0,10.12,0
E14001118,Bradford East,17.68,6.15,55.02,7.61,3.51,0,9.96,0
E14001119,Bradford South,21.12,3.42,53.28,4.24,3.44,0,14.44,0
E14001120,Bradford West,11.97,4.21,72.47,2.76,2.29,0,6.20,0
E14001121,Braintree,32.73,1.85,42.12,7.58,2.28,0,13.42,0
E14001122,Brent East,19.40,4.81,52.15,10.44,7.28,0,5.89,0
E14001123,Brent West,23.48,2.84,53.25,9.57,5.70,0,5.13,0
E14001124,Brentford and Isleworth,23.00,4.72,43.82,12.19,5.66,0,10.58,0
E14001125,Brentwood and Ongar,36.90,2.91,34.62,10.11,1.68,0,13.74,0
E14001126,Bridgwater,26.88,2.86,44.77,12.50,1.45,0,11.45,0
E14001127,Bridlington and The Wolds,28.00,6.45,37.26,5.36,1.70,0,21.15,0
E14001128,Brigg and Immingham,30.79,4.67,39.53,4.53,1.07,0,19.35,0
E14001129,Brighton Kemptown and Peacehaven,18.76,3.44,57.93,5.25,1.65,0,12.94,0
E14001130,Brighton Pavilion,15.61,21.91,47.28,5.48,0.99,0,8.58,0
E14001131,Bristol Central,10.75,16.91,62.88,4.47,2.27,0,2.55,0
E14001132,Bristol East,14.33,6.06,64.63,4.02,2.51,0,8.40,0
E14001133,Bristol North East,22.30,4.49,52.87,5.14,2.82,0,12.30,0
E14001134,Bristol North West,19.62,7.61,56.87,6.31,2.02,0,7.51,0
E14001135,Bristol South,16.70,6.50,59.47,5.25,3.48,0,8.53,0
E14001136,Broadland and Fakenham,30.00,4.78,38.00,11.63,2.13,0,13.43,0
E14001137,Bromley and Biggin Hill,30.81,4.90,42.22,9.14,2.50,0,10.39,0
E14001138,Bromsgrove,34.73,3.74,36.42,9.02,1.75,0,14.25,0
E14001139,Broxbourne,33.01,3.12,38.33,6.46,3.51,0,15.49,0
E14001140,Broxtowe,27.12,4.19,42.87,3.93,2.76,0,19.10,0
E14001141,Buckingham and Bletchley,31.36,2.50,40.63,9.17,1.79,0,14.52,0
E14001142,Burnley,21.62,4.61,50.16,5.96,3.55,0,14.08,0
E14001143,Burton and Uttoxeter,30.60,2.63,44.03,5.74,3.37,0,13.61,0
E14001144,Bury North,27.09,3.06,47.51,5.90,1.57,0,14.85,0
E14001145,Bury South,21.78,3.08,58.18,4.08,1.89,0,10.95,0
E14001146,Bury St Edmunds and Stowmarket,27.89,10.37,37.93,3.18,2.73,0,17.84,0
E14001147,Calder Valley,28.66,4.61,49.53,4.00,1.73,0,11.35,0
E14001148,Camborne and Redruth,27.25,4.19,48.94,4.32,1.79,0,13.36,0
E14001149,Cambridge,12.41,8.04,56.04,15.51,4.49,0,3.45,0
E14001150,Cannock Chase,27.91,5.47,37.02,2.37,2.09,0,25.11,0
E14001151,Canterbury,22.59,2.77,55.01,6.91,2.47,0,10.20,0
E14001152,Carlisle,29.91,2.70,47.56,6.61,1.98,0,11.20,0
E14001153,Carshalton and Wallington,24.45,2.66,27.61,35.07,1.99,0,8.21,0
E14001154,Castle Point,37.31,1.61,36.22,5.34,3.52,0,15.94,0
E14001155,Central Devon,29.69,5.63,37.97,11.25,2.56,0,12.87,0
E14001156,Central Suffolk and North Ipswich,28.48,6.41,45.01,5.40,2.20,0,12.44,0
E14001157,Chatham and Aylesford,31.87,2.90,37.38,5.91,2.25,0,19.65,0
E14001158,Cheadle,26.11,2.04,21.83,42.10,1.21,0,6.62,0
E14001159,Chelmsford,26.81,2.82,30.98,25.48,2.35,0,11.53,0
E14001160,Chelsea and Fulham,32.40,6.25,35.04,17.63,2.35,0,6.27,0
E14001161,Cheltenham,22.24,2.86,17.53,46.68,1.49,0,9.17,0
E14001162,Chesham and Amersham,30.17,5.25,16.54,39.45,1.48,0,7.06,0
E14001163,Chester North and Neston,21.88,4.06,58.80,4.80,1.97,0,8.43,0
E14001164,Chester South and Eddisbury,28.87,4.57,45.51,8.43,1.52,0,11.03,0
E14001165,Chesterfield,16.67,4.08,53.74,6.24,3.31,0,15.90,0
E14001166,Chichester,29.33,4.06,20.23,33.13,1.85,0,11.38,0
E14001167,Chingford and Woodford Green,29.13,1.98,51.90,6.92,1.95,0,8.10,0
E14001168,Chippenham,30.18,2.82,24.67,27.58,3.19,0,11.52,0
E14001169,Chipping Barnet,30.45,3.76,48.51,8.98,2.50,0,5.78,0
E14001171,Christchurch,37.40,4.26,26.05,20.19,1.55,0,10.48,0
E14001172,Cities of London and Westminster,28.21,6.71,34.41,20.46,3.92,0,6.18,0
E14001173,City of Durham,15.26,3.62,59.71,7.92,1.93,0,11.49,0
E14001174,Clacton,29.46,2.65,34.18,5.87,1.83,0,25.93,0
E14001175,Clapham and Brixton Hill,15.96,4.51,53.42,16.34,6.22,0,3.51,0
E14001176,Colchester,25.22,4.75,44.34,8.48,3.16,0,14.02,0
E14001177,Colne Valley,26.34,3.08,44.63,5.01,2.44,0,18.46,0
E14001178,Congleton,34.62,6.23,38.76,6.72,1.36,0,12.25,0
E14001179,Corby and East Northamptonshire,28.59,3.29,46.61,4.41,2.08,0,14.97,0
E14001180,Coventry East,23.71,3.36,48.32,8.70,3.63,0,12.25,0
E14001181,Coventry North West,20.37,3.70,59.82,3.36,2.12,0,10.58,0
E14001182,Coventry South,22.62,2.93,53.58,8.30,2.62,0,9.91,0
E14001183,Cramlington and Killingworth,20.80,7.17,50.34,6.20,2.12,0,13.34,0
E14001184,Crawley,30.30,6.58,46.02,4.71,2.60,0,9.77,0
E14001185,Crewe and Nantwich,28.43,3.96,48.21,4.28,2.62,0,12.46,0
E14001186,Croydon East,23.41,3.62,52.45,7.46,2.40,0,10.64,0
E14001187,Croydon South,33.71,4.20,43.13,8.47,2.04,0,8.42,0
E14001188,Croydon West,21.30,3.59,56.02,6.65,5.72,0,6.68,0
E14001189,Dagenham and Rainham,23.44,2.04,49.28,6.10,6.59,0,12.52,0
E14001190,Darlington,26.32,6.46,44.46,4.53,3.15,0,14.99,0
E14001191,Dartford,34.72,5.05,38.87,7.87,1.50,0,11.97,0
E14001192,Daventry,31.71,4.47,36.98,7.29,1.40,0,18.07,0
E14001193,Derby North,26.78,5.43,41.06,7.32,4.00,0,15.40,0
E14001194,Derby South,20.32,2.64,52.66,5.87,5.76,0,12.72,0
E14001195,Derbyshire Dales,32.06,7.42,35.08,9.11,2.24,0,14.04,0
E14001196,Dewsbury and Batley,23.64,7.25,49.14,4.27,4.17,0,11.47,0
E14001197,Didcot and Wantage,27.36,4.10,28.07,29.67,2.09,0,8.69,0
E14001198,Doncaster Central,18.51,5.72,47.31,6.64,3.95,0,17.83,0
E14001199,Doncaster East and the Isle of Axholme,23.71,2.48,50.48,4.52,2.13,0,16.64,0
E14001200,Doncaster North,15.18,2.72,56.40,4.03,4.43,0,17.18,0
E14001201,Dorking and Horley,28.90,7.13,19.07,31.68,2.75,0,10.43,0
E14001202,Dover and Deal,29.72,7.36,40.60,4.20,1.79,0,16.28,0
E14001203,Droitwich and Evesham,34.20,5.05,34.73,8.26,1.30,0,16.41,0
E14001204,Dudley,30.41,1.86,45.33,3.65,2.55,0,16.17,0
E14001205,Dulwich and West Norwood,16.56,9.79,58.47,5.49,2.91,0,6.74,0
E14001206,Dunstable and Leighton Buzzard,31.20,5.08,41.11,7.55,2.57,0,12.46,0
E14001207,Ealing Central and Acton,20.03,5.79,51.34,12.72,3.56,0,6.53,0
E14001208,Ealing North,22.38,3.74,54.87,7.94,4.72,0,6.32,0
E14001209,Ealing Southall,20.67,5.50,49.98,10.46,5.65,0,7.69,0
E14001210,Earley and Woodley,29.66,3.85,40.48,14.17,2.63,0,9.19,0
E14001211,Easington,13.06,2.37,52.91,4.75,3.26,0,23.52,0
E14001212,East Grinstead and Uckfield,31.47,4.55,31.80,21.55,1.55,0,9.03,0
E14001213,East Ham,14.41,4.47,66.71,5.31,3.94,0,5.12,0
E14001214,East Hampshire,31.79,3.87,25.25,22.80,1.01,0,15.26,0
E14001215,East Surrey,32.50,3.23,31.68,18.47,1.77,0,12.34,0
E14001216,East Thanet,30.47,5.13,43.16,4.98,2.04,0,14.16,0
E14001217,East Wiltshire,35.13,4.84,35.70,12.02,1.57,0,10.70,0
E14001218,East Worthing and Shoreham,27.26,4.50,50.49,4.83,1.56,0,11.31,0
E14001219,Eastbourne,24.69,3.45,16.03,40.83,1.63,0,13.35,0
E14001220,Eastleigh,29.26,2.79,23.52,31.01,2.13,0,11.26,0
E14001221,Edmonton and Winchmore Hill,21.95,3.30,55.50,7.50,4.56,0,7.16,0
E14001222,Ellesmere Port and Bromborough,16.01,2.89,61.55,3.53,2.60,0,13.35,0
E14001223,Eltham and Chislehurst,23.96,4.79,50.47,6.10,4.71,0,9.93,0
E14001224,Ely and East Cambridgeshire,26.39,3.35,25.53,30.71,1.31,0,12.69,0
E14001225,Enfield North,23.58,4.71,54.77,7.79,2.49,0,6.62,0
E14001226,Epping Forest,32.09,3.41,40.22,7.58,2.37,0,14.30,0
E14001227,Epsom and Ewell,31.16,2.76,32.12,21.63,2.58,0,9.71,0
E14001228,Erewash,27.49,2.88,47.96,4.03,1.83,0,15.78,0
E14001229,Erith and Thamesmead,24.59,3.07,49.18,9.86,5.17,0,8.10,0
E14001230,Esher and Walton,26.00,1.75,16.89,44.43,2.51,0,8.37,0
E14001231,Exeter,17.70,10.63,49.46,7.55,3.58,0,11.04,0
E14001232,Exmouth and Exeter East,22.46,6.66,35.78,12.15,5.60,0,17.26,0
E14001233,Fareham and Waterlooville,36.12,3.19,29.57,18.20,0.88,0,12.03,0
E14001234,Farnham and Bordon,30.75,2.88,24.05,30.50,1.39,0,10.39,0
E14001235,Faversham and Mid Kent,30.29,3.41,34.81,10.30,3.59,0,17.58,0
E14001236,Feltham and Heston,22.67,2.87,50.31,8.07,5.85,0,10.21,0
E14001237,Filton and Bradley Stoke,27.70,5.96,48.30,7.70,1.78,0,8.52,0
E14001238,Finchley and Golders Green,27.92,7.92,32.73,23.51,2.83,0,5.01,0
E14001239,Folkestone and Hythe,32.67,4.68,40.00,6.59,2.53,0,13.49,0
E14001240,Forest of Dean,27.29,11.25,42.91,2.82,2.63,0,13.00,0
E14001241,Frome and East Somerset,28.31,6.04,33.06,20.33,1.76,0,10.43,0
E14001242,Fylde,29.37,4.29,43.67,6.26,0.96,0,15.33,0
E14001243,Gainsborough,29.24,4.56,28.92,10.11,1.76,0,25.37,0
E14001244,Gateshead Central and Whickham,17.59,4.52,48.60,8.51,3.39,0,17.33,0
E14001245,Gedling,24.58,2.85,47.87,4.83,3.39,0,16.44,0
E14001246,Gillingham and Rainham,29.28,2.28,38.82,4.69,1.78,0,23.13,0
E14001247,Glastonbury and Somerton,23.55,3.08,19.58,40.68,2.35,0,10.71,0
E14001248,Gloucester,26.79,4.54,49.34,6.27,2.14,0,10.89,0
E14001249,Godalming and Ash,31.45,1.85,14.70,41.94,1.30,0,8.75,0
E14001250,Goole and Pocklington,31.14,6.54,31.91,6.81,1.55,0,22.00,0
E14001251,Gorton and Denton,15.17,3.57,65.90,5.11,2.81,0,7.41,0
E14001252,Gosport,29.10,3.06,35.04,7.82,1.65,0,23.32,0
E14001253,Grantham and Bourne,33.09,3.29,35.21,6.91,1.46,0,20.02,0
E14001254,Gravesham,36.36,2.90,40.63,4.76,1.73,0,13.61,0
E14001255,Great Grimsby and Cleethorpes,26.03,2.33,43.22,5.08,1.80,0,21.51,0
E14001256,Great Yarmouth,23.49,2.59,40.00,3.63,2.26,0,27.93,0
E14001257,Greenwich and Woolwich,20.95,6.42,51.76,10.86,4.15,0,5.81,0
E14001258,Guildford,27.36,2.19,18.00,40.86,1.72,0,9.84,0
E14001259,Hackney North and Stoke Newington,15.85,8.33,58.43,8.77,2.34,0,6.21,0
E14001260,Hackney South and Shoreditch,16.49,14.16,52.58,8.13,3.55,0,5.03,0
E14001261,Halesowen,27.91,2.13,53.37,3.65,1.60,0,11.31,0
E14001262,Halifax,18.81,5.69,46.86,4.77,2.60,0,21.23,0
E14001263,Hamble Valley,31.73,3.24,26.72,22.96,1.27,0,14.06,0
E14001264,Hammersmith and Chiswick,20.63,4.45,48.47,12.11,5.32,0,8.99,0
E14001265,Hampstead and Highgate,18.04,5.21,45.89,19.45,6.72,0,4.63,0
E14001266,"Harborough, Oadby and Wigston",28.59,4.08,41.42,11.21,2.32,0,12.31,0
E14001267,Harlow,31.18,3.88,46.14,4.50,2.18,0,12.06,0
E14001268,Harpenden and Berkhamsted,25.46,2.88,28.29,28.28,4.25,0,10.77,0
E14001269,Harrogate and Knaresborough,31.65,3.04,23.54,31.46,1.34,0,8.92,0
E14001270,Harrow East,34.19,2.73,46.66,6.86,2.74,0,6.76,0
E14001271,Harrow West,25.55,5.46,51.67,7.98,3.94,0,5.36,0
E14001272,Hartlepool,14.75,2.31,53.34,6.72,3.16,0,19.67,0
E14001273,Harwich and North Essex,33.49,3.62,37.56,8.74,1.78,0,14.77,0
E14001274,Hastings and Rye,25.50,3.89,53.16,5.17,2.33,0,9.86,0
E14001275,Havant,31.54,4.82,39.40,9.10,2.01,0,13.11,0
E14001276,Hayes and Harlington,20.08,2.75,60.69,5.63,4.47,0,6.35,0
E14001277,Hazel Grove,21.69,2.82,32.24,28.08,1.63,0,13.49,0
E14001278,Hemel Hempstead,27.98,5.65,41.71,7.65,2.86,0,14.12,0
E14001279,Hendon,29.55,3.79,49.51,7.42,3.81,0,5.90,0
E14001280,Henley and Thame,29.93,3.39,24.78,31.80,2.22,0,7.83,0
E14001281,Hereford and South Herefordshire,30.56,6.63,33.00,8.94,1.78,0,19.06,0
E14001282,Herne Bay and Sandwich,32.18,4.35,39.89,7.90,1.26,0,14.40,0
E14001283,Hertford and Stortford,28.23,10.27,39.96,8.40,4.36,0,8.72,0
E14001284,Hertsmere,34.84,4.31,36.30,9.41,1.66,0,13.46,0
E14001285,Hexham,33.77,5.12,41.14,8.03,1.48,0,10.37,0
E14001286,Heywood and Middleton North,21.02,5.96,50.92,5.86,2.22,0,13.99,0
E14001287,High Peak,24.56,3.89,48.60,5.58,1.62,0,15.69,0
E14001288,Hinckley and Bosworth,32.24,3.37,32.85,11.14,1.97,0,18.40,0
E14001289,Hitchin,31.89,3.11,30.53,23.87,1.84,0,8.72,0
E14001290,Holborn and St Pancras,17.49,7.60,54.83,9.99,3.27,0,6.77,0
E14001291,Honiton and Sidmouth,26.98,3.22,27.81,22.27,3.64,0,16.03,0
E14001292,Hornchurch and Upminster,36.14,2.60,34.98,6.34,4.88,0,15.02,0
E14001293,Hornsey and Friern Barnet,14.14,4.33,62.28,12.74,3.21,0,3.26,0
E14001294,Horsham,28.63,2.66,23.48,30.43,1.48,0,13.30,0
E14001295,Houghton and Sunderland South,15.66,2.87,53.76,5.00,3.79,0,18.85,0
E14001296,Hove and Portslade,19.26,6.87,58.13,4.83,1.88,0,8.95,0
E14001297,Huddersfield,22.50,4.47,50.87,4.94,3.52,0,13.64,0
E14001298,Huntingdon,27.14,4.17,44.45,9.89,2.35,0,11.96,0
E14001299,Hyndburn,25.72,3.05,54.47,3.38,1.67,0,11.68,0
E14001300,Ilford North,22.26,2.70,57.82,5.13,6.13,0,5.91,0
E14001301,Ilford South,19.57,2.67,55.95,9.57,5.25,0,6.95,0
E14001302,Ipswich,28.46,5.91,44.14,5.37,3.76,0,12.35,0
E14001303,Isle of Wight East,30.01,9.50,36.29,3.68,1.35,0,19.12,0
E14001304,Isle of Wight West,25.86,8.84,37.50,3.60,1.28,0,22.91,0
E14001305,Islington North,14.35,10.37,54.79,10.93,4.95,0,4.57,0
E14001306,Islington South and Finsbury,18.25,6.26,52.34,12.03,6.80,0,4.24,0
E14001307,Jarrow and Gateshead East,14.37,3.14,53.64,4.55,3.26,0,20.96,0
E14001308,Keighley and Ilkley,28.68,3.26,45.98,4.64,2.23,0,15.15,0
E14001309,Kenilworth and Southam,32.76,4.63,35.15,14.71,1.84,0,10.87,0
E14001310,Kensington and Bayswater,25.80,9.57,36.65,18.69,2.13,0,7.09,0
E14001311,Kettering,29.95,5.53,42.94,5.86,1.93,0,13.76,0
E14001312,Kingston and Surbiton,15.28,2.14,18.96,49.56,5.16,0,8.86,0
E14001313,Kingston upon Hull East,15.42,3.52,44.78,6.20,4.04,0,25.99,0
E14001314,Kingston upon Hull North and Cottingham,17.62,4.32,50.37,8.09,3.23,0,16.34,0
E14001315,Kingston upon Hull West and Haltemprice,17.05,2.46,58.06,4.57,3.33,0,14.50,0
E14001316,Kingswinford and South Staffordshire,35.70,3.96,35.28,5.34,1.21,0,18.45,0
E14001317,Knowsley,7.14,5.05,74.28,2.59,2.53,0,8.32,0
E14001318,Lancaster and Wyre,19.00,7.16,59.83,3.34,2.43,0,7.95,0
E14001319,Leeds Central and Headingley,18.36,8.44,51.32,11.70,2.88,0,7.18,0
E14001320,Leeds East,22.68,2.65,54.43,6.42,2.88,0,10.90,0
E14001321,Leeds North East,15.25,4.15,66.99,5.14,1.75,0,6.68,0
E14001322,Leeds North West,22.82,3.70,54.70,7.57,1.88,0,9.26,0
E14001323,Leeds South,17.63,4.97,57.71,5.39,3.36,0,10.88,0
E14001324,Leeds South West and Morley,27.40,4.63,46.13,3.73,2.45,0,15.61,0
E14001325,Leeds West and Pudsey,23.08,4.85,48.34,4.31,3.65,0,15.71,0
E14001326,Leicester East,25.04,2.73,48.95,7.40,3.20,0,12.56,0
E14001327,Leicester South,18.52,7.91,57.11,6.23,4.13,0,6.02,0
E14001328,Leicester West,17.94,2.52,58.04,5.66,2.97,0,12.82,0
E14001329,Leigh and Atherton,20.08,2.43,52.81,5.39,3.48,0,15.77,0
E14001330,Lewes,25.22,4.64,16.62,40.45,1.70,0,11.30,0
E14001331,Lewisham East,17.00,3.72,62.44,7.53,3.18,0,6.10,0
E14001332,Lewisham North,15.95,6.81,57.59,10.98,3.54,0,5.10,0
E14001333,Lewisham West and East Dulwich,14.77,11.64,59.17,6.32,2.69,0,5.36,0
E14001334,Leyton and Wanstead,16.11,6.02,55.10,9.49,3.93,0,9.33,0
E14001335,Lichfield,34.96,3.64,34.86,7.65,1.22,0,17.61,0
E14001336,Lincoln,25.12,5.87,45.24,7.42,2.32,0,14.01,0
E14001337,Liverpool Garston,9.22,4.17,71.66,5.20,2.73,0,6.96,0
E14001338,Liverpool Riverside,11.32,5.31,69.22,4.30,2.38,0,7.38,0
E14001339,Liverpool Walton,8.24,3.05,76.22,2.79,1.91,0,7.72,0
E14001340,Liverpool Wavertree,9.96,6.54,66.71,7.94,2.37,0,6.44,0
E14001341,Liverpool West Derby,8.96,15.76,59.18,4.49,2.43,0,9.08,0
E14001342,Loughborough,29.73,3.95,45.65,8.26,2.19,0,10.19,0
E14001343,Louth and Horncastle,34.07,3.16,39.08,5.19,2.07,0,16.33,0
E14001344,Lowestoft,27.00,3.55,43.58,4.31,1.69,0,19.83,0
E14001345,Luton North,18.82,2.14,60.22,5.38,5.59,0,7.80,0
E14001346,Luton South and South Bedfordshire,17.97,2.13,50.66,5.62,12.01,0,11.59,0
E14001347,Macclesfield,30.39,4.50,47.34,5.92,1.80,0,10.02,0
E14001348,Maidenhead,28.95,4.86,26.45,26.59,2.43,0,10.69,0
E14001349,Maidstone and Malling,33.83,4.18,37.47,10.34,2.45,0,11.70,0
E14001350,Makerfield,15.41,2.67,59.91,5.63,2.88,0,13.46,0
E14001351,Maldon,37.19,3.27,28.23,8.41,2.04,0,20.82,0
E14001352,Manchester Central,15.94,6.44,58.18,7.31,4.19,0,7.91,0
E14001353,Manchester Rusholme,15.39,5.64,62.73,7.50,2.83,0,5.84,0
E14001354,Manchester Withington,11.54,7.70,65.25,9.03,3.05,0,3.36,0
E14001355,Mansfield,28.54,1.62,48.16,4.37,3.98,0,13.29,0
E14001356,Melksham and Devizes,32.69,10.66,27.60,19.04,1.04,0,8.93,0
E14001357,Melton and Syston,31.91,4.47,37.09,7.26,2.01,0,17.19,0
E14001358,Meriden and Solihull East,32.18,7.22,33.59,7.56,1.53,0,17.89,0
E14001359,Mid Bedfordshire,32.42,2.93,44.42,6.09,2.45,0,11.59,0
E14001360,Mid Buckinghamshire,33.98,3.78,31.53,21.80,0.96,0,7.91,0
E14001361,Mid Cheshire,27.56,2.48,47.93,6.04,2.51,0,13.44,0
E14001362,Mid Derbyshire,30.13,4.73,44.22,4.73,1.66,0,14.39,0
E14001363,Mid Dorset and North Poole,30.66,4.05,22.75,29.26,1.76,0,11.49,0
E14001364,Mid Leicestershire,29.71,4.01,35.67,6.09,1.88,0,22.55,0
E14001365,Mid Norfolk,32.09,3.07,42.23,8.43,1.34,0,12.77,0
E14001366,Mid Sussex,25.81,8.97,30.33,22.04,1.63,0,11.19,0
E14001367,Middlesbrough and Thornaby East,15.27,2.13,57.71,3.58,3.00,0,18.25,0
E14001368,Middlesbrough South and East Cleveland,29.06,2.86,47.80,4.29,1.74,0,14.20,0
E14001369,Milton Keynes Central,25.50,2.51,51.24,6.98,3.77,0,9.99,0
E14001370,Milton Keynes North,27.11,2.33,45.49,9.51,2.09,0,13.46,0
E14001371,Mitcham and Morden,17.86,3.24,58.47,8.82,3.79,0,7.79,0
E14001372,Morecambe and Lunesdale,26.00,4.71,43.81,9.37,1.59,0,14.48,0
E14001373,New Forest East,34.67,3.67,28.76,10.66,1.87,0,20.35,0
E14001374,New Forest West,36.23,6.38,24.72,16.08,0.92,0,15.65,0
E14001375,Newark,27.65,4.73,34.82,6.35,1.22,0,25.18,0
E14001376,Newbury,29.47,3.72,19.42,36.66,1.34,0,9.37,0
E14001377,Newcastle upon Tyne Central and West,19.27,4.33,55.17,6.71,3.06,0,11.39,0
E14001378,Newcastle upon Tyne East and Wallsend,16.60,5.53,52.93,6.47,4.24,0,14.15,0
E14001379,Newcastle upon Tyne North,14.33,2.38,65.59,6.51,2.52,0,8.61,0
E14001380,Newcastle-under-Lyme,27.71,5.48,44.31,3.40,1.74,0,17.20,0
E14001381,Newton Abbot,25.54,4.33,35.34,19.74,1.41,0,13.62,0
E14001382,Newton Aycliffe and Spennymoor,21.62,6.92,40.84,5.02,1.77,0,23.78,0
E14001383,Normanton and Hemsworth,16.59,2.56,47.51,5.93,3.71,0,23.65,0
E14001384,North Bedfordshire,34.05,3.40,37.31,8.20,2.49,0,14.52,0
E14001385,North Cornwall,28.39,1.82,22.03,30.83,1.45,0,15.43,0
E14001386,North Cotswolds,28.55,6.84,34.67,16.79,1.61,0,11.49,0
E14001387,North Devon,28.77,6.75,28.20,23.95,1.30,0,11.01,0
E14001388,North Dorset,33.67,3.65,27.95,24.85,0.98,0,8.86,0
E14001389,North Durham,15.95,3.50,50.12,7.76,2.35,0,20.26,0
E14001390,North East Cambridgeshire,33.34,5.19,36.93,6.08,1.01,0,17.31,0
E14001391,North East Derbyshire,27.07,2.84,53.17,5.10,1.39,0,10.40,0
E14001392,North East Hampshire,36.62,3.44,25.38,22.90,1.55,0,10.08,0
E14001393,North East Hertfordshire,31.79,4.32,39.56,9.41,2.77,0,12.13,0
E14001394,North East Somerset and Hanham,29.19,3.65,43.17,11.51,1.85,0,10.60,0
E14001395,North Herefordshire,33.05,9.39,29.57,12.85,0.97,0,14.10,0
E14001396,North Norfolk,28.32,2.58,23.27,28.91,1.41,0,15.46,0
E14001397,North Northumberland,30.73,3.98,36.64,11.25,1.39,0,15.92,0
E14001398,North Shropshire,31.19,4.67,29.24,19.87,2.05,0,12.90,0
E14001399,North Somerset,30.01,4.35,41.44,9.70,2.48,0,11.96,0
E14001400,North Warwickshire and Bedworth,34.42,3.09,41.23,4.88,1.25,0,15.08,0
E14001401,North West Cambridgeshire,31.39,8.13,41.45,6.87,2.08,0,10.05,0
E14001402,North West Essex,33.99,3.49,31.68,18.01,1.12,0,11.67,0
E14001403,North West Hampshire,33.11,3.92,29.04,16.86,1.03,0,16.02,0
E14001404,North West Leicestershire,30.91,6.13,42.39,4.66,2.66,0,13.20,0
E14001405,North West Norfolk,27.98,3.47,33.18,6.74,1.79,0,26.82,0
E14001406,Northampton North,26.88,5.25,41.99,5.54,3.89,0,16.43,0
E14001407,Northampton South,29.41,6.72,42.42,6.96,1.89,0,12.57,0
E14001408,Norwich North,23.48,4.21,55.22,3.45,2.04,0,11.54,0
E14001409,Norwich South,16.43,10.83,56.60,5.04,3.30,0,7.67,0
E14001410,Nottingham East,15.47,4.85,61.40,6.28,3.97,0,7.98,0
E14001411,Nottingham North and Kimberley,20.78,5.41,51.87,5.66,3.19,0,13.05,0
E14001412,Nottingham South,18.98,4.06,53.74,7.48,5.87,0,9.81,0
E14001413,Nuneaton,27.10,4.32,44.64,3.45,1.69,0,18.77,0
E14001414,Old Bexley and Sidcup,35.36,2.91,40.62,5.40,2.18,0,13.45,0
E14001415,Oldham East and Saddleworth,20.20,2.85,51.03,5.06,3.45,0,17.37,0
E14001416,"Oldham West, Chadderton and Royton",17.11,1.91,63.18,3.99,2.60,0,11.19,0
E14001417,Orpington,38.42,4.29,33.19,10.51,1.89,0,11.66,0
E14001418,Ossett and Denby Dale,22.69,2.87,51.37,5.38,3.70,0,13.95,0
E14001419,Oxford East,15.05,6.19,58.22,11.45,3.50,0,5.55,0
E14001420,Oxford West and Abingdon,18.24,3.48,24.45,42.50,4.91,0,6.40,0
E14001421,Peckham,15.57,6.15,58.02,11.13,3.73,0,5.38,0
E14001422,Pendle and Clitheroe,30.37,2.78,46.31,6.71,1.55,0,12.27,0
E14001423,Penistone and Stocksbridge,24.28,3.07,44.83,7.33,2.71,0,17.75,0
E14001424,Penrith and Solway,30.94,6.15,42.94,5.34,1.84,0,12.74,0
E14001425,Peterborough,24.66,4.37,48.29,5.16,5.58,0,11.92,0
E14001426,Plymouth Moor View,29.85,2.98,43.56,4.63,4.71,0,14.23,0
E14001427,Plymouth Sutton and Devonport,22.02,3.60,56.56,4.88,2.89,0,9.98,0
E14001428,"Pontefract, Castleford and Knottingley",15.34,2.22,53.11,4.64,4.07,0,20.56,0
E14001429,Poole,31.96,3.57,34.61,13.42,2.53,0,13.89,0
E14001430,Poplar and Limehouse,18.05,6.86,45.43,16.62,6.00,0,7.01,0
E14001431,Portsmouth North,33.12,2.50,41.86,6.94,2.10,0,13.46,0
E14001432,Portsmouth South,24.24,2.89,48.59,10.10,3.88,0,10.26,0
E14001433,Preston,18.36,3.16,55.88,6.00,3.73,0,12.85,0
E14001434,Putney,26.20,5.58,46.70,12.01,4.49,0,4.94,0
E14001435,Queen's Park and Maida Vale,23.14,6.03,39.96,18.04,4.89,0,7.93,0
E14001436,Rawmarsh and Conisbrough,17.73,2.34,51.33,5.21,3.64,0,19.68,0
E14001437,Rayleigh and Wickford,33.99,2.61,36.31,5.46,2.70,0,18.90,0
E14001438,Reading Central,25.16,5.90,48.91,7.29,6.21,0,6.46,0
E14001439,Reading West and Mid Berkshire,27.52,3.42,43.16,10.15,3.31,0,12.42,0
E14001440,Redcar,20.62,2.66,51.67,5.61,1.95,0,17.45,0
E14001441,Redditch,31.84,3.26,42.24,5.35,2.35,0,14.92,0
E14001442,Reigate,29.08,8.84,34.50,17.01,3.73,0,6.79,0
E14001443,Ribble Valley,30.77,3.18,45.39,6.14,0.81,0,13.66,0
E14001444,Richmond and Northallerton,35.80,4.01,32.49,10.34,1.40,0,15.92,0
E14001445,Richmond Park,18.89,1.71,14.52,55.57,4.19,0,5.07,0
E14001446,Rochdale,17.88,7.37,52.67,5.90,3.82,0,12.33,0
E14001447,Rochester and Strood,34.27,5.19,37.07,5.64,3.24,0,14.58,0
E14001448,Romford,32.72,2.34,42.84,7.02,2.14,0,12.92,0
E14001449,Romsey and Southampton North,30.52,2.60,27.16,30.93,1.06,0,7.71,0
E14001450,Rossendale and Darwen,25.76,4.66,50.39,3.93,1.45,0,13.79,0
E14001451,Rother Valley,22.12,3.24,48.23,5.04,1.96,0,19.37,0
E14001452,Rotherham,17.13,1.87,47.48,5.85,3.83,0,23.78,0
E14001453,Rugby,29.40,5.05,45.18,5.95,2.42,0,11.95,0
E14001454,"Ruislip, Northwood and Pinner",35.80,6.79,34.81,11.29,2.96,0,8.32,0
E14001455,Runcorn and Helsby,19.08,4.29,58.22,4.71,1.95,0,11.69,0
E14001456,Runnymede and Weybridge,31.24,3.79,31.25,23.30,2.01,0,8.38,0
E14001457,Rushcliffe,28.65,3.23,46.84,9.03,1.45,0,10.69,0
E14001458,Rutland and Stamford,32.24,7.62,28.31,13.17,1.79,0,16.84,0
E14001459,Salford,14.65,5.52,65.10,4.46,2.61,0,7.64,0
E14001460,Salisbury,33.49,4.67,28.95,22.72,1.28,0,8.86,0
E14001461,Scarborough and Whitby,30.07,3.21,44.14,5.03,2.28,0,15.17,0
E14001462,Scunthorpe,24.31,2.59,48.45,4.11,1.70,0,18.83,0
E14001463,Sefton Central,15.60,5.94,63.43,4.83,1.60,0,8.48,0
E14001464,Selby,26.05,2.72,43.21,3.87,1.85,0,22.19,0
E14001465,Sevenoaks,31.21,3.09,27.47,20.15,0.92,0,17.13,0
E14001466,Sheffield Brightside and Hillsborough,14.15,5.21,57.26,4.56,3.07,0,15.71,0
E14001467,Sheffield Central,13.03,10.29,59.54,8.34,2.46,0,6.26,0
E14001468,Sheffield Hallam,17.31,8.67,45.70,18.01,2.42,0,7.73,0
E14001469,Sheffield Heeley,14.80,6.34,56.80,4.51,2.98,0,14.52,0
E14001470,Sheffield South East,17.15,1.81,58.60,5.32,3.23,0,13.84,0
E14001471,Sherwood Forest,27.90,2.82,45.97,4.20,1.56,0,17.51,0
E14001472,Shipley,29.46,3.73,48.55,5.87,1.68,0,10.66,0
E14001473,Shrewsbury,28.26,4.45,40.00,8.42,2.26,0,16.56,0
E14001474,Sittingbourne and Sheppey,31.35,2.61,41.71,4.26,2.82,0,17.22,0
E14001475,Skipton and Ripon,36.68,4.67,32.88,11.92,1.68,0,12.12,0
E14001476,Sleaford and North Hykeham,36.78,3.30,35.50,7.08,1.39,0,15.88,0
E14001477,Slough,22.30,3.21,51.31,8.98,4.24,0,9.91,0
E14001478,Smethwick,17.94,6.50,55.46,4.77,3.40,0,11.90,0
E14001479,Solihull West and Shirley,29.18,4.33,43.22,7.76,2.03,0,13.41,0
E14001480,South Basildon and East Thurrock,25.62,1.35,47.81,3.34,4.66,0,17.20,0
E14001481,South Cambridgeshire,24.03,3.02,24.26,38.76,2.48,0,7.42,0
E14001482,South Cotswolds,30.40,3.90,23.11,30.50,1.82,0,10.26,0
E14001483,South Derbyshire,32.14,3.74,38.04,5.18,2.65,0,18.21,0
E14001484,South Devon,26.15,5.09,22.44,32.87,1.00,0,12.39,0
E14001485,South Dorset,27.04,3.89,37.03,9.77,2.02,0,20.22,0
E14001486,South East Cornwall,29.25,3.21,39.47,8.48,1.27,0,18.27,0
E14001487,South Holland and The Deepings,32.55,3.05,33.18,5.34,1.50,0,24.33,0
E14001488,South Leicestershire,31.29,4.16,34.94,7.37,1.55,0,20.62,0
E14001489,South Norfolk,28.84,5.72,41.54,7.60,1.51,0,14.72,0
E14001490,South Northamptonshire,35.02,4.18,36.38,6.63,1.86,0,15.83,0
E14001491,South Ribble,27.71,3.70,47.77,5.12,1.23,0,14.44,0
E14001492,South Shields,12.22,7.01,56.28,4.49,6.28,0,13.56,0
E14001493,South Shropshire,33.04,4.90,31.85,11.80,1.21,0,17.16,0
E14001494,South Suffolk,28.76,8.17,35.24,9.10,2.06,0,16.61,0
E14001495,South West Devon,27.49,5.30,36.18,7.34,1.98,0,21.65,0
E14001496,South West Hertfordshire,24.63,3.93,37.29,12.89,4.90,0,16.34,0
E14001497,South West Norfolk,34.22,4.87,38.51,4.72,1.74,0,15.90,0
E14001498,South West Wiltshire,31.47,5.92,34.22,9.46,2.14,0,16.75,0
E14001499,Southampton Itchen,28.41,2.76,47.51,4.67,4.00,0,12.63,0
E14001500,Southampton Test,23.72,4.56,50.66,8.85,3.21,0,8.97,0
E14001501,Southend East and Rochford,28.89,3.62,47.54,4.95,2.61,0,12.33,0
E14001502,Southend West and Leigh,31.11,3.61,39.60,7.05,3.31,0,15.30,0
E14001503,Southgate and Wood Green,20.31,3.83,56.98,10.45,2.99,0,5.40,0
E14001504,Southport,26.52,5.65,46.23,7.42,1.31,0,12.81,0
E14001505,Spelthorne,30.81,3.30,39.21,13.10,2.82,0,10.76,0
E14001506,Spen Valley,22.08,3.46,52.41,5.53,2.53,0,13.94,0
E14001507,St Albans,17.67,2.23,17.88,47.55,6.85,0,7.77,0
E14001508,St Austell and Newquay,28.97,4.45,42.69,7.10,1.69,0,15.06,0
E14001509,St Helens North,15.04,5.41,55.82,5.45,5.04,0,13.20,0
E14001510,St Helens South and Whiston,10.43,4.24,68.35,3.44,2.88,0,10.61,0
E14001511,St Ives,29.13,3.09,22.31,33.12,1.00,0,11.22,0
E14001512,St Neots and Mid Cambridgeshire,27.22,3.50,31.21,26.50,1.92,0,9.61,0
E14001513,Stafford,27.61,4.70,46.57,4.20,1.50,0,15.39,0
E14001514,Staffordshire Moorlands,27.88,2.96,41.67,4.17,0.95,0,22.33,0
E14001515,Stalybridge and Hyde,17.62,4.39,57.42,4.00,1.88,0,14.65,0
E14001516,Stevenage,26.75,2.80,41.91,7.92,3.56,0,17.02,0
E14001517,Stockport,15.55,6.97,58.59,5.71,2.06,0,11.08,0
E14001518,Stockton North,21.65,3.96,46.06,6.38,2.74,0,19.13,0
E14001519,Stockton West,26.11,2.88,55.49,3.63,1.66,0,10.10,0
E14001520,Stoke-on-Trent Central,22.45,2.53,47.74,3.58,3.70,0,19.97,0
E14001521,Stoke-on-Trent North,25.69,2.74,45.15,3.61,2.28,0,20.50,0
E14001522,Stoke-on-Trent South,30.91,4.01,41.17,4.04,1.36,0,18.45,0
E14001523,"Stone, Great Wyrley and Penkridge",31.16,2.72,46.39,4.49,1.00,0,14.21,0
E14001524,Stourbridge,32.48,3.79,40.60,5.15,1.68,0,16.27,0
E14001525,Stratford and Bow,15.55,4.37,59.86,9.04,6.90,0,4.26,0
E14001526,Stratford-on-Avon,33.03,5.00,24.69,23.76,1.79,0,11.66,0
E14001527,Streatham and Croydon North,15.05,2.77,62.14,12.04,3.26,0,4.72,0
E14001528,Stretford and Urmston,16.43,3.35,64.83,4.05,2.29,0,9.00,0
E14001529,Stroud,24.89,12.19,48.79,2.94,2.77,0,8.28,0
E14001530,Suffolk Coastal,30.46,6.68,34.65,11.51,3.93,0,12.74,0
E14001531,Sunderland Central,16.37,3.60,54.33,5.95,2.33,0,17.35,0
E14001532,Surrey Heath,37.12,3.37,17.74,31.24,1.85,0,8.66,0
E14001533,Sussex Weald,30.88,6.86,30.06,17.47,1.41,0,13.29,0
E14001534,Sutton and Cheam,26.50,4.05,31.48,29.24,1.88,0,6.83,0
E14001535,Sutton Coldfield,32.60,3.13,38.27,7.74,1.51,0,16.71,0
E14001536,Swindon North,31.12,2.97,45.98,6.46,2.43,0,11.02,0
E14001537,Swindon South,29.13,3.33,48.95,6.71,2.65,0,9.20,0
E14001538,Tamworth,33.50,2.37,42.60,4.86,1.68,0,14.95,0
E14001539,Tatton,31.22,6.53,37.35,9.87,1.29,0,13.69,0
E14001540,Taunton and Wellington,27.52,2.56,25.14,33.10,1.74,0,9.91,0
E14001541,Telford,27.08,1.81,43.67,4.98,2.85,0,19.55,0
E14001542,Tewkesbury,29.77,5.26,29.96,24.24,2.35,0,8.38,0
E14001543,The Wrekin,33.89,3.77,39.11,6.13,1.69,0,15.38,0
E14001544,Thirsk and Malton,34.76,5.20,29.65,8.26,2.12,0,19.95,0
E14001545,Thornbury and Yate,28.36,1.98,25.84,29.98,1.61,0,12.19,0
E14001546,Thurrock,30.04,3.19,47.58,4.85,3.48,0,10.84,0
E14001547,Tipton and Wednesbury,21.82,1.81,58.44,3.94,2.89,0,11.09,0
E14001548,Tiverton and Minehead,31.53,5.39,25.02,24.17,1.73,0,12.13,0
E14001549,Tonbridge,36.15,6.51,31.64,14.58,1.65,0,9.44,0
E14001550,Tooting,21.76,4.45,59.46,7.51,2.78,0,3.97,0
E14001551,Torbay,27.56,2.90,30.82,20.86,1.57,0,16.26,0
E14001552,Torridge and Tavistock,31.93,3.49,34.49,18.05,1.19,0,10.81,0
E14001553,Tottenham,15.49,5.36,62.48,8.59,3.63,0,4.40,0
E14001554,Truro and Falmouth,28.85,6.13,45.56,9.00,1.51,0,8.89,0
E14001555,Tunbridge Wells,29.73,2.52,23.83,29.96,2.14,0,11.79,0
E14001556,Twickenham,15.27,1.56,16.88,56.34,4.28,0,5.65,0
E14001557,Tynemouth,24.25,6.80,49.47,5.58,2.01,0,11.72,0
E14001558,Uxbridge and South Ruislip,33.19,2.90,43.95,6.91,2.55,0,10.49,0
E14001559,Vauxhall and Camberwell Green,20.08,12.52,45.97,12.58,4.48,0,4.31,0
E14001560,Wakefield and Rothwell,27.49,2.43,50.60,3.54,3.13,0,12.77,0
E14001561,Wallasey,14.60,3.84,66.41,2.94,1.62,0,10.50,0
E14001562,Walsall and Bloxwich,23.91,2.07,51.13,2.82,2.92,0,17.09,0
E14001563,Walthamstow,11.71,3.80,70.98,5.27,3.76,0,4.45,0
E14001564,Warrington North,18.12,6.74,52.94,4.97,1.84,0,15.34,0
E14001565,Warrington South,23.67,2.32,56.47,4.97,2.85,0,9.67,0
E14001566,Warwick and Leamington,23.51,5.72,52.82,7.02,3.24,0,7.59,0
E14001567,Washington and Gateshead South,16.22,3.10,50.18,5.50,3.24,0,21.70,0
E14001568,Watford,26.14,3.37,38.86,16.83,5.18,0,9.60,0
E14001569,Waveney Valley,27.84,5.94,38.35,6.03,2.57,0,19.14,0
E14001570,Weald of Kent,31.34,5.08,36.73,8.45,2.67,0,15.67,0
E14001571,Wellingborough and Rushden,30.94,4.27,45.73,4.61,1.83,0,12.51,0
E14001572,Wells and Mendip Hills,26.83,4.33,30.55,25.87,2.55,0,9.80,0
E14001573,Welwyn Hatfield,27.74,4.99,42.81,9.35,2.90,0,12.20,0
E14001574,West Bromwich,25.35,3.29,48.45,4.26,3.82,0,14.80,0
E14001575,West Dorset,30.38,4.62,21.05,34.10,1.35,0,8.45,0
E14001576,West Ham and Beckton,18.00,4.89,52.36,9.22,9.69,0,5.82,0
E14001577,West Lancashire,18.75,3.71,60.31,3.82,1.60,0,11.74,0
E14001578,West Suffolk,31.15,4.00,39.31,6.08,2.70,0,16.73,0
E14001579,West Worcestershire,33.05,7.51,34.50,13.97,1.20,0,9.68,0
E14001580,Westmorland and Lonsdale,20.64,2.25,18.12,48.89,1.83,0,8.21,0
E14001581,Weston-super-Mare,26.23,4.50,44.32,6.75,1.66,0,16.51,0
E14001582,Wetherby and Easingwold,33.85,8.49,35.83,8.74,1.67,0,11.37,0
E14001583,Whitehaven and Workington,26.97,2.89,49.61,3.20,2.77,0,14.50,0
E14001584,Widnes and Halewood,11.17,4.44,70.26,3.61,2.36,0,8.12,0
E14001585,Wigan,15.64,3.16,56.09,5.29,2.70,0,17.09,0
E14001586,Wimbledon,25.41,2.18,28.42,35.46,3.08,0,5.40,0
E14001587,Winchester,26.78,3.79,15.31,46.03,1.19,0,6.88,0
E14001588,Windsor,34.15,5.59,33.90,14.00,3.04,0,9.31,0
E14001589,Wirral West,22.89,6.33,55.05,5.54,1.26,0,8.83,0
E14001590,Witham,30.64,3.43,39.63,6.17,1.30,0,18.79,0
E14001591,Witney,30.73,3.53,25.71,30.92,1.62,0,7.47,0
E14001592,Woking,26.58,2.91,20.20,40.96,2.45,0,6.88,0
E14001593,Wokingham,27.83,2.91,23.35,34.18,1.98,0,9.71,0
E14001594,Wolverhampton North East,25.03,1.76,51.90,4.04,2.29,0,14.96,0
E14001595,Wolverhampton South East,23.09,2.83,54.67,4.06,3.76,0,11.55,0
E14001596,Wolverhampton West,26.22,2.37,51.52,4.25,2.50,0,13.09,0
E14001597,Worcester,24.21,6.47,47.73,6.25,4.56,0,10.67,0
E14001598,Worsley and Eccles,19.64,3.41,55.71,6.54,2.84,0,11.84,0
E14001599,Worthing West,31.74,6.53,38.67,8.69,1.51,0,12.83,0
E14001600,Wycombe,28.61,6.41,45.84,8.26,2.14,0,8.71,0
E14001601,Wyre Forest,31.25,3.99,39.83,5.60,1.05,0,18.23,0
E14001602,Wythenshawe and Sale East,18.12,4.58,58.11,5.72,3.02,0,10.41,0
E14001603,Yeovil,31.89,5.29,14.56,34.56,2.25,0,11.43,0
E14001604,York Central,16.85,6.54,60.04,6.01,1.87,0,8.60,0
E14001605,York Outer,27.36,2.91,40.99,16.81,1.85,0,10.04,0
S14000006,"Ayr, Carrick and Cumnock",23.77,0.53,31.31,2.92,2.15,0.00,3.46,35.84951262
S14000008,"Berwickshire, Roxburgh and Selkirk",36.43,0.58,21.01,6.13,1.58,0.00,2.70,31.54386353
S14000010,Central Ayrshire,20.11,0.45,39.68,2.78,2.30,0.00,1.84,32.83092801
S14000021,East Renfrewshire,23.66,1.67,26.21,6.59,1.97,0.00,6.83,33.04487682
S14000027,Na h-Eileanan an Iar,15.16,1.39,38.11,2.98,3.27,0.00,1.36,37.72729928
S14000040,Kilmarnock and Loudoun,14.99,0.56,38.03,3.05,1.93,0.00,0.76,40.65915407
S14000045,Midlothian,16.72,2.04,39.76,5.70,2.48,0.00,3.11,30.17238908
S14000048,North Ayrshire and Arran,21.24,1.55,28.74,4.60,3.81,0.00,4.18,35.87371522
S14000051,Orkney and Shetland,6.25,1.11,16.99,39.75,3.74,0.00,2.81,29.27979957
S14000058,West Aberdeenshire and Kincardine,28.43,0.48,23.17,7.30,1.57,0.00,2.94,36.08344555
S14000060,Aberdeen North,17.76,1.08,31.64,6.05,1.52,0.00,4.63,37.32359733
S14000061,Aberdeen South,22.79,1.97,26.97,9.63,1.57,0.00,4.19,32.86898051
S14000062,Aberdeenshire North and Moray East,37.17,0.36,18.28,5.86,1.27,0.00,2.09,34.96407933
S14000063,Airdrie and Shotts,12.41,1.73,42.32,3.45,3.19,0.00,3.15,33.75122416
S14000064,Alloa and Grangemouth,21.23,1.44,28.53,4.21,1.74,0.00,3.87,38.98418134
S14000065,Angus and Perthshire Glens,28.59,1.47,23.75,5.81,1.51,0.00,3.35,35.51060787
S14000066,Arbroath and Broughty Ferry,18.83,0.63,28.50,4.52,1.78,0.00,1.36,44.36857007
S14000067,"Argyll, Bute and South Lochaber",27.08,1.70,23.66,11.83,1.49,0.00,3.47,30.73748818
S14000068,Bathgate and Linlithgow,16.13,1.67,37.28,5.32,2.28,0.00,4.40,32.92038744
S14000069,"Caithness, Sutherland and Easter Ross",11.47,1.08,21.89,33.25,3.88,0.00,1.51,26.90833287
S14000070,Coatbridge and Bellshill,9.97,2.06,43.17,3.59,3.78,0.00,1.79,35.63284256
S14000071,Cowdenbeath and Kirkcaldy,16.80,2.11,49.04,5.12,2.04,0.00,1.62,23.25452125
S14000072,Cumbernauld and Kirkintilloch,11.18,3.17,34.11,4.41,2.38,0.00,2.52,42.22955935
S14000073,Dumfries and Galloway,31.25,0.57,29.30,4.21,1.42,0.00,2.16,31.07581984
S14000074,"Dumfriesshire, Clydesdale and Tweeddale",34.56,0.92,28.83,4.75,1.79,0.00,2.39,26.74777146
S14000075,Dundee Central,10.59,1.52,34.17,5.38,3.58,0.00,1.65,43.11265702
S14000076,Dunfermline and Dollar,16.15,1.54,42.86,4.32,3.19,0.00,1.10,30.83522505
S14000077,East Kilbride and Strathaven,13.82,1.12,43.79,3.33,2.01,0.00,1.24,34.69249664
S14000078,Edinburgh East and Musselburgh,11.06,3.39,34.20,5.35,3.94,0.00,3.27,38.78479973
S14000079,Edinburgh North and Leith,13.33,4.08,33.91,9.81,2.08,0.00,3.75,33.01726017
S14000080,Edinburgh South,12.64,6.88,51.64,5.09,2.37,0.00,1.68,19.6467885
S14000081,Edinburgh South West,16.74,2.96,29.38,6.07,1.71,0.00,4.37,38.75053415
S14000082,Edinburgh West,12.66,1.99,24.70,31.47,3.01,0.00,3.19,22.9341717
S14000083,Falkirk,14.23,1.11,41.68,4.04,1.72,0.00,1.50,35.72075267
S14000084,Glasgow East,9.35,2.06,38.97,4.16,3.31,0.00,2.73,39.40919998
S14000085,Glasgow North,7.05,2.37,43.71,3.49,3.31,0.00,1.67,38.40534908
S14000086,Glasgow North East,8.95,1.53,41.10,4.53,3.51,0.00,1.79,38.57577352
S14000087,Glasgow South,9.61,7.12,38.14,4.39,4.48,0.00,2.48,33.76401018
S14000088,Glasgow South West,8.59,5.60,37.33,4.49,3.68,0.00,3.23,37.06731675
S14000089,Glasgow West,10.48,2.20,35.35,5.99,2.83,0.00,2.16,40.97301016
S14000090,Glenrothes and Mid Fife,12.39,0.80,41.82,3.81,2.73,0.00,0.96,37.48179577
S14000091,Gordon and Buchan,31.14,1.37,18.89,8.42,2.36,0.00,5.99,31.81140705
S14000092,Hamilton and Clyde Valley,17.61,0.89,40.99,4.98,2.57,0.00,1.49,31.46657299
S14000093,Inverclyde and Renfrewshire West,12.62,2.37,37.41,5.08,3.21,0.00,1.91,37.39095759
S14000094,"Inverness, Skye and West Ross-shire",16.86,1.80,23.38,13.94,1.73,0.00,3.84,38.44161385
S14000095,Livingston,13.82,1.49,43.13,4.41,1.71,0.00,3.58,31.85790498
S14000096,Lothian East,19.98,1.42,45.05,3.85,2.43,0.00,2.44,24.79888781
S14000097,Mid Dunbartonshire,12.08,3.97,28.38,27.23,1.59,0.00,3.68,23.03855834
S14000098,"Moray West, Nairn and Strathspey",27.92,0.82,27.27,4.60,2.24,0.00,3.42,33.72908974
S14000099,"Motherwell, Wishaw and Carluke",14.82,1.86,32.82,4.53,3.34,0.00,5.49,37.12541453
S14000100,North East Fife,8.69,0.77,19.00,41.59,2.68,0.00,0.98,26.28223237
