code,name,con,grn,lab,lib,oth,pc,ref,snp
E14001063,Aldershot,31.19194529,2.886864322,38.700911059999996,13.09781035,0.1291960885,0.0,13.99327289,0.0
E14001064,Aldridge-Brownhills,31.845921649999998,4.000699958,36.09160706,8.154515826,0.0,0.0,19.90725551,0.0
E14001065,Altrincham and Sale West,25.49421931,3.482223888,50.262399869999996,9.973168133,0.0,0.0,10.78798879,0.0
E14001066,Amber Valley,23.30108297,5.0800101600000005,45.42683631,4.777518646,0.0,0.0,21.41455192,0.0
E14001067,Arundel and South Downs,30.63836955,4.570209421,30.340800629999997,16.39062003,0.12164767089999999,0.0,17.9383527,0.0
E14001068,Ashfield,14.41358797,2.663108442,33.68637589,5.387373864000001,27.8319851,0.0,16.01756873,0.0
E14001069,Ashford,30.831171159999997,5.075154335,36.56616266,11.06960723,0.22591035159999998,0.0,16.23199427,0.0
E14001070,Ashton under Lyne,17.55745988,4.019714682,58.059243110000004,4.814741431,0.0,0.0,15.5488409,0.0
E14001071,Aylesbury,29.26580774,3.608345892,36.04737546,19.081782099999998,0.1973977458,0.0,11.799291069999999,0.0
E14001072,Banbury,26.58519506,3.578124647,42.97589735,12.84420249,0.15586527819999998,0.0,13.860715169999999,0.0
E14001073,Barking,17.8746489,3.577132786,66.27746874,5.270694498,0.6774246847,0.0,6.3226303900000005,0.0
E14001074,Barnsley North,11.72183057,3.830804158,50.146970960000004,4.433026646,0.2533158083,0.0,29.61405186,0.0
E14001075,Barnsley South,12.539246949999999,3.658928527,49.5760093,4.353630498,0.2670028925,0.0,29.60518183,0.0
E14001076,Barrow and Furness,20.6455542,4.048956819,51.69934384,4.569565047,0.1355545951,0.0,18.9010255,0.0
E14001077,Basildon and Billericay,30.54853076,4.614730434,37.4370566,8.631918179000001,0.230512723,0.0,18.537251299999998,0.0
E14001078,Basingstoke,27.228599539999998,3.7192522140000004,44.40800262,10.47556576,0.2339564885,0.0,13.934623369999999,0.0
E14001079,Bassetlaw,19.17725348,3.4879112169999997,45.530592240000004,4.516344369,0.0,0.0,27.287898700000003,0.0
E14001080,Bath,17.89984084,1.8839989639999999,17.503793910000002,54.24362438,0.05922197135,0.0,8.409519932,0.0
E14001081,Battersea,20.4787234,4.746482498,58.34119767,10.56966369,0.2788263555,0.0,5.585106383,0.0
E14001082,Beaconsfield,37.93182918,4.415662234,28.80320804,18.727385860000002,0.2604226683,0.0,9.861492014000001,0.0
E14001083,Beckenham and Penge,22.27759978,4.552826233,52.19928009,11.720264230000002,0.0,0.0,9.250029667,0.0
E14001084,Bedford,22.76809793,4.134324508,53.66179678,7.947377060999999,0.3681729709,0.0,11.12023075,0.0
E14001085,Bermondsey and Old Southwark,15.02405944,2.468273953,45.61320402,31.98035354,0.1944700691,0.0,4.7196389839999995,0.0
E14001086,Bethnal Green and Stepney,10.0707384,7.247896816000001,68.85501975,9.662374757,1.687010466,0.0,2.476959811,0.0
E14001087,Beverley and Holderness,26.84691628,5.165585597,38.0108321,8.903303149,0.1883843898,0.0,20.88497849,0.0
E14001088,Bexhill and Battle,28.686343669999996,5.783470495,33.35808428,12.101148859999999,0.113441825,0.0,19.95751088,0.0
E14001089,Bexleyheath and Crayford,29.34051466,5.101137044000001,42.994614,8.13165769,0.0,0.0,14.432076599999998,0.0
E14001090,Bicester and Woodstock,29.6084234,3.6091096240000002,27.626951449999996,27.95934122,0.03431120261,0.0,11.1618631,0.0
E14001091,Birkenhead,10.9398473,5.37937563,64.19237339,5.665425061,1.913855905,0.0,11.90912271,0.0
E14001092,Birmingham Edgbaston,20.22128436,4.19984031,59.7194023,7.70845215,0.367286415,0.0,7.783734459,0.0
E14001093,Birmingham Erdington,29.02476965,2.381237286,57.77910734,3.338518607,1.232499701,0.0,6.243867417,0.0
E14001094,Birmingham Hall Green and Moseley,14.53523826,3.950692569,62.50544473,11.3054273,4.303510759,0.0,3.3996863840000002,0.0
E14001095,Birmingham Hodge Hill and Solihull North,19.23998956,3.427404999,61.413211170000004,7.066055873000001,0.0,0.0,8.853338397,0.0
E14001096,Birmingham Ladywood,11.93066742,4.309735764,74.76567284,6.342141209,0.0,0.0,2.65178277,0.0
E14001097,Birmingham Northfield,22.05255515,3.6043842800000006,54.63487751,5.983886833000001,0.3325682702,0.0,13.391727950000002,0.0
E14001098,Birmingham Perry Barr,17.618302229999998,3.4966887420000003,65.2667068,6.988561108000001,2.285370259,0.0,4.344370861,0.0
E14001099,Birmingham Selly Oak,16.884536,5.388724755999999,61.095147520000005,7.438585131,0.40471083409999997,0.0,8.788295762999999,0.0
E14001100,Birmingham Yardley,20.09371976,2.852340447,56.6520654,11.462843170000001,0.0,0.0,8.939031223,0.0
E14001101,Bishop Auckland,20.67104538,3.6422928530000003,48.757578540000004,4.5218629429999995,0.2273562374,0.0,22.17986405,0.0
E14001102,Blackburn,14.968300979999999,4.070692483,64.61948939,5.108559959,2.016987737,0.0,9.215969451,0.0
E14001103,Blackley and Middleton South,15.56495309,3.245671997,64.02273027999999,5.22532047,0.0,0.0,11.941324170000001,0.0
E14001104,Blackpool North and Fleetwood,21.123613929999998,3.7938879670000003,49.96823054,4.671134887,0.151673533,0.0,20.29145914,0.0
E14001105,Blackpool South,19.02100082,3.888381623,52.680221810000006,4.462953477,0.253880587,0.0,19.69356168,0.0
E14001106,Blaydon and Consett,16.1091905,4.732186952999999,52.08099493,5.776051722,0.3210164773,0.0,20.98055942,0.0
E14001107,Blyth and Ashington,15.39427532,4.780669467,53.99904733,4.8672757980000005,0.0,0.0,20.95873208,0.0
E14001108,Bognor Regis and Littlehampton,28.15246249,4.873531046,34.15176274,11.397641440000001,0.1996336619,0.0,21.22496861,0.0
E14001109,Bolsover,17.2250309,4.280417931000001,49.41691945,4.066958769,0.0,0.0,25.01067296,0.0
E14001110,Bolton North East,21.18807171,3.1356097139999997,54.30443527,5.194299678,0.45196029670000004,0.0,15.72562334,0.0
E14001111,Bolton South and Walkden,16.96354253,3.624343028,61.13819591000001,4.896668173,0.7491260195999999,0.0,12.628124330000002,0.0
E14001112,Bolton West,25.035561880000003,3.249808513,51.10843637,6.300470511,0.1641317431,0.0,14.141590979999998,0.0
E14001113,Bootle,7.963150435000001,4.804616319,72.50455558,4.397651346,0.0,0.0,10.33002632,0.0
E14001114,Boston and Skegness,27.57987859,3.345724907,33.74429439,5.700908193,0.17175662319999999,0.0,29.4574373,0.0
E14001115,Bournemouth East,25.46171497,3.932096153,46.34972264,9.973934547,0.2428320004,0.0,14.039699689999999,0.0
E14001116,Bournemouth West,24.72344614,4.345176713,45.68529108,9.337208212,0.1781194338,0.0,15.73075841,0.0
E14001117,Bracknell,30.952051000000004,4.642461197,37.0334442,12.58083888,0.1940133038,0.0,14.59719143,0.0
E14001118,Bradford East,16.1722463,3.431346947,59.4792918,8.980519141,2.1256593720000003,0.0,9.810936438999999,0.0
E14001119,Bradford South,19.60472633,3.7593387380000003,56.00328512,5.052190961,0.48481958350000004,0.0,15.09563927,0.0
E14001120,Bradford West,12.94969571,4.691472152,70.09475387,6.327196158,1.720463241,0.0,4.216418869,0.0
E14001121,Braintree,31.314771679999996,3.564178722,34.12038719,10.00021368,0.2927412979,0.0,20.70770743,0.0
E14001122,Brent East,19.1526041,4.41665655,62.35522642,8.668204442999999,1.180041277,0.0,4.227267209,0.0
E14001123,Brent West,23.48389701,4.3576747110000005,59.50928501,8.022337849,0.0,0.0,4.626805418,0.0
E14001124,Brentford and Isleworth,20.27237354,4.366623433,56.22135754000001,11.815823609999999,0.37181150020000003,0.0,6.952010376,0.0
E14001125,Brentwood and Ongar,34.01280705,3.920357444,30.30246875,13.41651739,0.1132456195,0.0,18.23460374,0.0
E14001126,Bridgwater,27.73569488,3.480488505,30.99975707,16.150261699999998,0.2650118151,0.0,21.36878603,0.0
E14001127,Bridlington and the Wolds,26.95156322,5.547180529,36.2718752,7.375849337,0.2403268445,0.0,23.61320487,0.0
E14001128,Brigg and Immingham,28.454043369999997,5.213057339,35.65174442,5.814736653,0.0,0.0,24.86641821,0.0
E14001129,Brighton Kemptown and Peacehaven,24.39258517,10.01727853,58.75551953,6.561573412,0.273043367,0.0,0.0,0.0
E14001130,Brighton Pavilion,15.238704180000001,35.754120490000005,40.54241262,4.523657289,0.182935493,0.0,3.7581699349999997,0.0
E14001131,Bristol Central,10.67988441,19.748354470000002,59.010274519999996,6.13661904,0.40134853109999996,0.0,4.0235190240000005,0.0
E14001132,Bristol East,21.78899563,8.396643016999999,61.48887633,7.653669869,0.6718151567,0.0,0.0,0.0
E14001133,Bristol North East,22.214469,4.902534552,56.124791789999996,5.850177824,0.40291721059999996,0.0,10.50510962,0.0
E14001134,Bristol North West,19.723862049999997,6.493708249000001,55.13049557000001,8.864766195,0.2835171664,0.0,9.503650769,0.0
E14001135,Bristol South,17.44685612,5.607518461000001,56.70172298,7.323786082,0.3759230253,0.0,12.54419333,0.0
E14001136,Broadland and Fakenham,27.566524479999998,5.01117205,33.930530159999996,13.16473695,0.0,0.0,20.32703636,0.0
E14001137,Bromley and Biggin Hill,28.71959713,5.297332048,38.30493946,14.41765777,0.1114325512,0.0,13.14904104,0.0
E14001138,Bromsgrove,29.69371864,4.873968968000001,35.85395397,12.98186922,0.0,0.0,16.5964892,0.0
E14001139,Broxbourne,32.476137,4.323413812,37.44862437,9.024143739,0.141493543,0.0,16.58618754,0.0
E14001140,Broxtowe,19.67345208,5.829092451,53.45631891,4.571670908,0.5979643766,0.0,15.87150127,0.0
E14001141,Buckingham and Bletchley,29.17650764,2.4585554579999997,45.475403199999995,12.40299615,0.1776997998,0.0,10.308837749999999,0.0
E14001142,Burnley,20.29773766,3.012542492,48.31321064,9.281444145,0.8603915133,0.0,18.23467354,0.0
E14001143,Burton and Uttoxeter,27.04405277,3.869707412,46.67793411,6.161241467,0.0,0.0,16.24706425,0.0
E14001144,Bury North,21.66593178,3.647733194,55.43552331,5.018639516,0.30063735119999996,0.0,13.931534849999998,0.0
E14001145,Bury South,21.79840653,3.57553785,55.06154614,6.206716888,0.30827345159999997,0.0,13.04951914,0.0
E14001146,Bury St Edmunds and Stowmarket,28.76854363,11.91178816,34.94377094,6.079518264,0.24525442649999998,0.0,18.05112458,0.0
E14001147,Calder Valley,21.950834859999997,3.641059002,53.01515958,5.434975457,0.19516233959999998,0.0,15.762808759999999,0.0
E14001148,Camborne and Redruth,24.18164858,4.148999322,45.61355156,8.181394166,0.298931479,0.0,17.5754749,0.0
E14001149,Cambridge,15.82414345,6.515699975,46.36964391,31.1558212,0.1346914723,0.0,0.0,0.0
E14001150,Cannock Chase,28.67588438,4.952051206,43.19719369,4.223138424999999,0.0,0.0,18.95173231,0.0
E14001151,Canterbury,21.509838300000002,3.3703487240000003,54.82368985,7.543346971000001,0.20455873759999998,0.0,12.548217419999999,0.0
E14001152,Carlisle,23.13689899,3.529217632,48.88719292,5.488748169,0.2516449743,0.0,18.70629731,0.0
E14001153,Carshalton and Wallington,25.394894080000004,1.940249864,18.55296035,44.54970125,0.06300923410999999,0.0,9.499185225,0.0
E14001154,Castle Point,33.48585591,3.3912442510000003,34.47010319,9.036962894,0.0,0.0,19.61583375,0.0
E14001155,Devon Central,27.72765198,5.908376506,34.445155910000004,14.14129654,0.1377651008,0.0,17.63975396,0.0
E14001156,Suffolk Central and Ipswich North,28.83408635,6.630689424,35.30162316,10.289072959999999,0.1380522088,0.0,18.8064759,0.0
E14001157,Chatham and Aylesford,31.38625592,4.338862559,39.28672986,8.244075829,0.21800947869999998,0.0,16.526066349999997,0.0
E14001158,Cheadle,24.76375764,1.623123958,20.483602,43.17027979,0.03335186215,0.0,9.925884751,0.0
E14001159,Chelmsford,29.92353961,2.697522683,28.308696100000002,27.76837598,0.04893465185,0.0,11.25293098,0.0
E14001160,Chelsea and Fulham,26.02191362,2.870230898,47.41142727,15.40763056,0.2641190186,0.0,8.024678621,0.0
E14001161,Cheltenham,32.20414614,2.640141303,16.20340244,48.89839174,0.05391837873,0.0,0.0,0.0
E14001162,Chesham and Amersham,34.49851586,4.12240275,13.620918609999999,41.7454304,0.5995157006999999,0.0,5.413216685,0.0
E14001163,Chester North and Neston,19.77112537,4.169636493,60.25976083,7.23647739,0.0,0.0,8.562999921,0.0
E14001164,Chester South and Eddisbury,27.30878074,4.545816892,38.064490410000005,11.65052413,0.1076168839,0.0,18.322770939999998,0.0
E14001165,Chesterfield,15.677496669999998,4.521920007,49.827036559999996,7.027063691,0.2396617604,0.0,22.70682132,0.0
E14001166,Chichester,27.496614930000003,5.149237621999999,31.666633960000002,16.83902745,0.1373653329,0.0,18.7111207,0.0
E14001167,Chingford and Woodford Green,25.756538690000003,3.1588990519999998,56.003567499999996,6.761661792,0.0,0.0,8.31933296,0.0
E14001168,Chippenham,29.64013583,2.679310916,21.65810833,33.18701342,0.041411297,0.0,12.794020210000001,0.0
E14001169,Chipping Barnet,27.203845850000004,4.0674210650000004,51.71717971,8.995410303,0.11869905830000001,0.0,7.897444014,0.0
E14001171,Christchurch,30.20941988,4.511353607,28.91358421,14.256198349999998,0.08224344058,0.0,22.02720051,0.0
E14001172,Cities of London and Westminster,23.2378806,3.9307967649999997,47.249105130000004,18.20451633,0.23200318179999999,0.0,7.145697998,0.0
E14001173,"Durham, City of",15.342396350000001,5.220383349,51.59587942,10.75318754,0.2132061133,0.0,16.87494723,0.0
E14001174,Clacton,28.737574329999998,5.04487503,33.040749600000005,7.434552676,0.20407715429999998,0.0,25.538171209999998,0.0
E14001175,Clapham and Brixton Hill,14.14751862,5.688804952,63.349071450000004,12.35966845,0.593851642,0.0,3.861084881,0.0
E14001176,Colchester,25.377819629999998,3.6436611510000003,43.13646352,13.105968879999999,0.21301403649999998,0.0,14.523072779999998,0.0
E14001177,Colne Valley,22.424139609999997,4.2070442550000005,50.38486821,6.528976441000001,0.1950847134,0.0,16.25988677,0.0
E14001178,Congleton,27.330170459999998,4.64564615,37.47585859,10.96439667,0.13435217060000001,0.0,19.44957595,0.0
E14001179,Corby and East Northamptonshire,21.87589362,3.735855223,51.76477797,4.902161036,0.15932023369999998,0.0,17.56199191,0.0
E14001180,Coventry East,19.74478069,3.7660409880000003,59.555161850000005,6.167400881,0.4884121816,0.0,10.27820341,0.0
E14001181,Coventry North West,21.31664167,4.225076612,54.99989133,7.185238313,0.1912586121,0.0,12.08189346,0.0
E14001182,Coventry South,20.98412628,4.42053091,56.03357817,8.052957067,0.2344220937,0.0,10.274385480000001,0.0
E14001183,Cramlington and Killingworth,17.18435371,4.492095454,53.277494540000006,5.543892721000001,0.1649458035,0.0,19.337217770000002,0.0
E14001184,Crawley,27.899348559999996,3.7090558769999995,50.646848330000005,6.422607579,0.2569043031,0.0,11.06523534,0.0
E14001185,Crewe and Nantwich,21.52274838,3.5076859590000002,51.57123698,5.191375219,0.1733209533,0.0,18.03363252,0.0
E14001186,Croydon East,23.3487212,3.7302820139999997,58.85750541,6.664187105,0.0,0.0,7.399304264,0.0
E14001187,Croydon South,29.40228984,3.54359845,46.78507684,10.97906055,0.12842279399999998,0.0,9.161551521,0.0
E14001188,Croydon West,16.8295641,4.073624884,68.87113267000001,6.09735797,0.5778697295999999,0.0,3.550450643,0.0
E14001189,Dagenham and Rainham,22.7538912,3.077002106,57.715621309999996,5.373195664,0.331329943,0.0,10.74895978,0.0
E14001190,Darlington,20.632165529999998,4.455762116,51.26296076,4.951354314,0.0,0.0,18.69775727,0.0
E14001191,Dartford,32.09117051,4.148399566,41.9082638,8.704567954,0.0,0.0,13.14759817,0.0
E14001192,Daventry,27.53955201,5.85056391,35.786732459999996,9.498355262999999,0.0,0.0,21.324796369999998,0.0
E14001193,Derby North,19.15872126,4.594503646,52.92877173,6.853617499,0.0,0.0,16.46438587,0.0
E14001194,Derby South,18.07957826,3.4266348689999995,58.45111083,5.487636501,0.5121124639,0.0,14.04292707,0.0
E14001195,Derbyshire Dales,24.7151448,6.994777654999999,37.92530464,9.481326159,0.08901724956,0.0,20.7944295,0.0
E14001196,Dewsbury and Batley,23.067242439999998,3.6964836520000004,58.92412091,5.066008637,2.9068476249999997,0.0,6.339296730000001,0.0
E14001197,Didcot and Wantage,27.12673786,2.6697561960000002,27.038081809999998,31.972597219999997,0.07052186178,0.0,11.12230506,0.0
E14001198,Doncaster Central,16.900629780000003,3.956540551,50.814864670000006,5.6151146579999995,0.3245036296,0.0,22.38834671,0.0
E14001199,Doncaster East and the Isle of Axholme,22.45391874,3.569158559,45.03740283,4.913704591,0.1784579279,0.0,23.84735736,0.0
E14001200,Doncaster North,31.98608411,6.131689348,55.08288141,6.430983321,0.3683618132,0.0,0.0,0.0
E14001201,Dorking and Horley,30.41810908,3.596525777,22.36479343,32.14900189,0.0,0.0,11.47156983,0.0
E14001202,Dover and Deal,25.088265399999997,4.0737877870000005,46.93839179,6.093968705,0.2841205841,0.0,17.52146573,0.0
E14001203,Droitwich and Evesham,30.909238639999998,4.477126838,32.453075489999996,11.769724550000001,0.1482895913,0.0,20.24254489,0.0
E14001204,Dudley,28.166775970000003,2.809867326,47.73999899,5.3372345260000005,0.254754578,0.0,15.691368610000001,0.0
E14001205,Dulwich and West Norwood,12.82576322,11.07181269,66.7556052,5.088111194,0.7404649624,0.0,3.5182427400000003,0.0
E14001206,Dunstable and Leighton Buzzard,28.795914789999998,5.610589989,38.94538441,9.807574296,0.1512229333,0.0,16.68931358,0.0
E14001207,Ealing Central and Acton,17.26110226,4.933202598,59.745883889999995,11.98880582,0.4902561588,0.0,5.580749275,0.0
E14001208,Ealing North,20.932033529999998,4.596392128,61.84402332,7.40023688,0.43276239070000005,0.0,4.794551749,0.0
E14001209,Ealing Southall,17.89121712,6.005349978,62.3851984,8.455193936999999,0.45251894779999996,0.0,4.810521623,0.0
E14001210,Earley and Woodley,33.17841179,4.254041673000001,45.08661522,17.30080722,0.1801240855,0.0,0.0,0.0
E14001211,Easington,13.26980766,3.619955129,54.04724091999999,4.50477703,0.4209836396,0.0,24.13723562,0.0
E14001212,East Grinstead and Uckfield,43.01129898,6.51316859,31.65745407,18.69817916,0.11989920339999999,0.0,0.0,0.0
E14001213,East Ham,12.84009663,5.66604036,71.81620751,4.8949513190000005,1.8740391889999999,0.0,2.908664991,0.0
E14001214,Hampshire East,31.15663943,5.061071222,27.574894779999997,18.833044479999998,0.125856235,0.0,17.24849385,0.0
E14001215,Surrey East,31.63226542,3.6279599849999995,29.749693980000004,19.522181420000003,0.22160314039999998,0.0,15.24629606,0.0
E14001216,Thanet East,23.37452982,4.220401218,49.76491134,5.787658964999999,0.1947877485,0.0,16.657710910000002,0.0
E14001217,Wiltshire East,32.62942036,4.345644538,31.38811929,14.016448879999999,0.1199851655,0.0,17.50038177,0.0
E14001218,Worthing East and Shoreham,24.25877121,4.362955032,48.83050568,7.966150551999999,0.1585406029,0.0,14.42307692,0.0
E14001219,Eastbourne,23.81484794,1.6161164419999998,15.772889900000001,43.48674581,0.05082127175,0.0,15.25857863,0.0
E14001220,Eastleigh,28.15225675,2.426115674,19.75611821,37.61326107,0.0402235583,0.0,12.01202473,0.0
E14001221,Edmonton and Winchmore Hill,19.69834959,4.11381861,63.63313268,6.008574158,0.6441724605,0.0,5.901952509,0.0
E14001222,Ellesmere Port and Bromborough,13.933197280000002,4.266794386,61.929948769999996,5.185123485,0.24155595349999998,0.0,14.443380119999999,0.0
E14001223,Eltham and Chislehurst,22.80598831,4.476022857999999,54.257653780000005,7.231167025,0.2107641831,0.0,11.01840384,0.0
E14001224,Ely and East Cambridgeshire,28.798379569999998,2.950930357,25.390710329999997,29.87469468,0.05163135215,0.0,12.933653710000002,0.0
E14001225,Enfield North,21.014839639999998,4.164672092,61.4539362,5.98372427,0.43735584660000004,0.0,6.945471953,0.0
E14001226,Epping Forest,43.86205695,6.544234582,37.05640154,12.40877503,0.12853190420000002,0.0,0.0,0.0
E14001227,Epsom and Ewell,30.55792204,3.8621003010000003,27.38304841,28.359932599999997,0.06626152477,0.0,9.770735124,0.0
E14001228,Erewash,21.57265637,4.827555732,49.66085592,4.68836305,0.19442787390000002,0.0,19.05614105,0.0
E14001229,Erith and Thamesmead,19.429788470000002,3.814318215,64.56750085,5.406844475,0.4429062394,0.0,6.338641754,0.0
E14001230,Esher and Walton,28.15377841,1.606325745,18.51773851,43.56033773,0.040206007929999996,0.0,8.121613601,0.0
E14001231,Exeter,15.466974140000001,9.510377203000001,59.27153681,4.362955032,0.3623785208,0.0,11.02577829,0.0
E14001232,Exmouth and Exeter East,29.955679540000002,4.398299174,29.699205829999997,25.34365228,0.2587234808,0.0,10.34443969,0.0
E14001233,Fareham and Waterlooville,28.8624165,5.114492026,31.200525159999998,15.683283780000002,0.1042591806,0.0,19.03502336,0.0
E14001234,Farnham and Bordon,30.70640351,2.363248032,20.75703042,36.38215402,0.02768658783,0.0,9.763477434999999,0.0
E14001235,Faversham and Kent Mid,31.02245718,5.053421889,34.243319490000005,11.510695479999999,0.1799240321,0.0,17.99018192,0.0
E14001236,Feltham and Heston,22.73251493,4.238960506,58.52277096,6.894077244000001,0.2998539173,0.0,7.311822445000001,0.0
E14001237,Filton and Bradley Stoke,25.39017891,3.774901662,49.37190712,9.438311551,0.0,0.0,12.02470076,0.0
E14001238,Finchley and Golders Green,27.949341439999998,2.776089159,39.00303951,24.93819656,0.03444782168,0.0,5.298885512,0.0
E14001239,Folkestone and Hythe,27.81804836,5.592512731,36.33756939,11.17814378,0.2248015782,0.0,18.84892416,0.0
E14001240,Forest of Dean,28.610599460000003,8.791024782,38.450267919999995,5.391828533,0.3181513731,0.0,18.43812793,0.0
E14001241,Frome and East Somerset,28.50043847,6.105148870000001,22.62496346,31.254436880000004,0.6514385936,0.0,10.863573729999999,0.0
E14001242,Fylde,27.324862030000002,5.499145668000001,38.93787929,8.847732584,0.1276587387,0.0,19.26272168,0.0
E14001243,Gainsborough,26.57697121,4.009178138999999,36.149353360000006,8.81935753,0.17939090530000001,0.0,24.265748849999998,0.0
E14001244,Gateshead Central and Whickham,16.72077543,4.921172486,54.99941609,7.597804508,0.31531005489999997,0.0,15.445521430000001,0.0
E14001245,Gedling,18.223181020000002,5.046087468,55.036281620000004,4.814669543,0.1313983134,0.0,16.748382040000003,0.0
E14001246,Gillingham and Rainham,29.072160070000002,3.2425912350000003,45.87639838,6.707504553000001,0.26962465409999997,0.0,14.831721100000001,0.0
E14001247,Glastonbury and Somerton,28.596813850000004,6.812405728,11.32921462,44.01719115,0.0,0.0,9.244374651,0.0
E14001248,Gloucester,26.336784740000002,3.557493188,48.61253406,7.1389645779999995,0.2572207084,0.0,14.097002719999999,0.0
E14001249,Godalming and Ash,31.24441738,2.505075112,20.962241170000002,34.61429151,0.052781161189999995,0.0,10.62119367,0.0
E14001250,Goole and Pocklington,29.397458500000003,5.391054093,36.160596659999996,8.052127034000002,0.1682171014,0.0,20.830546599999998,0.0
E14001251,Gorton and Denton,13.15389472,4.291092767,67.20295583,6.1525150250000005,0.0,0.0,9.199541660000001,0.0
E14001252,Gosport,29.506489000000002,5.247623594999999,34.21155432,10.70141933,0.1215330526,0.0,20.2113807,0.0
E14001253,Grantham and Bourne,26.998456129999997,6.072561969000001,36.48897847,8.362638305,0.120078909,0.0,21.95728622,0.0
E14001254,Gravesham,31.628841610000002,3.1678487,45.01182033,6.111111111,0.0,0.0,14.08037825,0.0
E14001255,Great Grimsby and Cleethorpes,21.70431457,3.4086291380000002,47.008485719999996,4.7687343129999995,0.2270825864,0.0,22.88275368,0.0
E14001256,Great Yarmouth,26.130531029999997,3.996691722,43.073292949999995,4.935658858,0.2894743244,0.0,21.57435112,0.0
E14001257,Greenwich and Woolwich,15.76791001,5.880402605,62.74481942,9.679100059,0.4783895796,0.0,5.44937833,0.0
E14001258,Guildford,26.4971221,2.036984121,19.88814957,42.368453280000004,0.1387925052,0.0,9.070498428,0.0
E14001259,Hackney North and Stoke Newington,12.33545023,8.621777348,68.45060352,6.489464609,0.7507254910000001,0.0,3.3519788029999997,0.0
E14001260,Hackney South and Shoreditch,11.10174984,7.375243032999999,70.95917045,6.619140203,0.950529272,0.0,2.9941672070000003,0.0
E14001261,Halesowen,27.32214152,3.191591707,48.20097167,6.12343066,0.0,0.0,15.161864450000001,0.0
E14001262,Halifax,18.92084251,4.317074798,54.794154930000005,5.099975534,0.540468406,0.0,16.327483819999998,0.0
E14001263,Hamble Valley,30.99442652,3.784100909,28.49320426,19.09650924,0.09973599296,0.0,17.532023080000002,0.0
E14001264,Hammersmith and Chiswick,17.933554400000002,5.267493189,59.56026781,10.44416753,0.4160770482,0.0,6.378440028,0.0
E14001265,Hampstead and Highgate,17.2335555,5.601361344,49.45201872,23.00711059,0.103316249,0.0,4.602637603000001,0.0
E14001266,"Harborough, Oadby and Wigston",26.58849306,5.254402337,37.60447943,14.36744299,0.09940761178,0.0,16.085774569999998,0.0
E14001267,Harlow,28.812029360000004,2.738912512,45.95814429,5.7581300330000005,0.1757844977,0.0,16.556999310000002,0.0
E14001268,Harpenden and Berkhamsted,30.09301293,3.375501886,25.41210177,30.690232629999997,0.16141072979999999,0.0,10.26774005,0.0
E14001269,Harrogate and Knaresborough,27.24705518,2.085066053,21.92994333,35.07862517,0.056091758379999995,0.0,13.603218510000001,0.0
E14001270,Harrow East,33.19344092,3.069701034,49.58032276,7.539047289000001,0.1103275213,0.0,6.507160472,0.0
E14001271,Harrow West,22.08184504,4.464876306,59.83375226,8.160250474,0.2204877188,0.0,5.238788199,0.0
E14001272,Hartlepool,32.72611566,1.8640786999999999,38.79829237,2.9910110569999997,8.055577653,0.0,15.564924560000001,0.0
E14001273,Harwich and North Essex,27.22945033,6.019162885,36.843166919999994,10.8623298,0.0,0.0,19.04589007,0.0
E14001274,Hastings and Rye,21.335188329999998,3.7277246969999998,53.147697279999996,6.407921926,0.2905251959,0.0,15.09094257,0.0
E14001275,Havant,29.331105210000004,4.873637945,33.52714953,11.12764399,0.0,0.0,21.14046333,0.0
E14001276,Hayes and Harlington,22.4323978,4.275278739,61.58913238,5.620915033,0.0,0.0,6.082276048,0.0
E14001277,Hazel Grove,23.68217131,2.102167736,24.08750422,36.59321663,0.03576466848,0.0,13.49917543,0.0
E14001278,Hemel Hempstead,27.90934737,3.7811440629999997,44.89723348,9.304696205,0.0,0.0,14.107578879999998,0.0
E14001279,Hendon,27.63387558,4.054085504,54.390374460000004,7.158649259,0.28625288,0.0,6.4767623169999995,0.0
E14001280,Henley and Thame,30.57740686,4.28263387,22.61709859,31.787325799999998,0.025955356790000002,0.0,10.70957952,0.0
E14001281,Hereford and South Herefordshire,28.926664489999997,5.339435545,33.30500163,13.09142421,0.1372997712,0.0,19.200174349999998,0.0
E14001282,Herne Bay and Sandwich,28.40997502,5.343761517,36.94156668,8.332992097,0.0,0.0,20.97170468,0.0
E14001283,Hertford and Stortford,28.70912909,5.905409459,36.65833417,13.34466553,0.201979802,0.0,15.180481949999999,0.0
E14001284,Hertsmere,35.01105838,4.771209551,35.55431492,11.04550042,0.07085954778999999,0.0,13.54705718,0.0
E14001285,Hexham,35.359647370000005,6.986575837,48.89601282,8.637547586,0.12021638949999999,0.0,0.0,0.0
E14001286,Heywood and Middleton North,20.149491480000002,0.0,56.07155986,6.955030021,0.28182820729999997,0.0,16.542090430000002,0.0
E14001287,High Peak,18.151174870000002,5.30503459,54.10664942,4.779822447,0.0,0.0,17.65731867,0.0
E14001288,Hinckley and Bosworth,27.222336279999997,4.471361117,31.467871069999998,13.61527407,0.09854239376,0.0,23.12461507,0.0
E14001289,Hitchin,26.256732500000002,2.8874925190000003,41.71154997,15.454817470000002,0.1667094127,0.0,13.522698129999998,0.0
E14001290,Holborn and St Pancras,11.64490155,7.5084015609999994,66.48848591,9.098495613,0.7916638474000001,0.0,4.468051515,0.0
E14001291,Honiton and Sidmouth,34.81349539,3.520536463,15.94719195,37.46437552,0.7502095557,0.0,7.504191115,0.0
E14001292,Hornchurch and Upminster,31.64746371,4.8224706610000005,38.26339753,9.121224429,0.1368076783,0.0,16.00863598,0.0
E14001293,Hornsey and Friern Barnet,12.89122627,5.389515991,51.40884214,26.4024286,0.14537369590000002,0.0,3.7626133059999995,0.0
E14001294,Horsham,30.785000099999998,3.8234668419999998,26.31751987,27.584272920000004,0.03867948247,0.0,11.451060779999999,0.0
E14001295,Houghton and Sunderland South,14.81404816,4.298626923,52.47590791,5.013914763,0.0,0.0,23.39750224,0.0
E14001296,Hove and Portslade,15.181499170000002,7.601296286,61.35304608,6.6674337,0.30489558759999996,0.0,8.891829181999999,0.0
E14001297,Huddersfield,19.843157989999998,5.328663318,58.81355185,5.546744207,0.0,0.0,10.46788263,0.0
E14001298,Huntingdon,28.41389949,4.919433848000001,34.64657203,14.39559752,0.18969003399999998,0.0,17.43480708,0.0
E14001299,Hyndburn,21.32862019,3.581179912,53.617747439999995,4.646513896,0.0,0.0,16.82593857,0.0
E14001300,Ilford North,23.29715899,4.294600318,60.53026293,6.584171519,0.0,0.0,5.293806247,0.0
E14001301,Ilford South,17.37294168,4.4559388790000005,66.24827979,6.325629953,1.9171451619999997,0.0,3.680064538,0.0
E14001302,Ipswich,22.35674819,4.77249213,51.67631585,5.534153697,0.2333414049,0.0,15.426948730000001,0.0
E14001303,Isle of Wight East,28.694054409999996,11.30704256,35.78323826,6.609258446999999,0.3373189996,0.0,17.26908732,0.0
E14001304,Isle of Wight West,27.746546509999998,13.54275545,35.619650269999994,6.474759174,0.2570694087,0.0,16.359219189999997,0.0
E14001305,Islington North,10.05738822,8.645390363999999,66.28545477,10.27001362,0.7968291977999999,0.0,3.9449238259999997,0.0
E14001306,Islington South and Finsbury,12.89802412,5.964180516,61.804734360000005,12.97972523,0.6493087657000001,0.0,5.704027004,0.0
E14001307,Jarrow and Gateshead East,13.71906403,4.434055474,56.714943250000005,5.340145071,0.8458442778999999,0.0,18.9459479,0.0
E14001308,Keighley and Ilkley,22.09673356,3.398690066,54.630951380000006,5.4307666470000004,0.4219497859,0.0,14.02090856,0.0
E14001309,Kenilworth and Southam,28.59385733,5.196742223999999,33.16651948,16.81679914,0.1157884408,0.0,16.1102934,0.0
E14001310,Kensington and Bayswater,23.354876620000002,3.573526943,51.107940240000005,14.470370990000001,0.43226456269999997,0.0,7.061020648,0.0
E14001311,Kettering,24.61351989,4.459140494000001,46.802900460000004,5.569141132,0.2126438004,0.0,18.34265422,0.0
E14001312,Kingston and Surbiton,19.51269797,1.984818667,15.803579800000001,55.528066720000005,0.06747258926000001,0.0,7.103364258,0.0
E14001313,Hull East,14.665905509999998,3.7242429190000004,50.65242212,4.792584135,0.0,0.0,26.16484532,0.0
E14001314,Kingston upon Hull North and Cottingham,16.10506513,4.334055676,53.07313124,6.496320815000001,0.3595837401,0.0,19.6318434,0.0
E14001315,Kingston upon Hull West and Haltemprice,18.26992276,3.255289546,47.71625966,7.134289689999999,0.2326920309,0.0,23.39154632,0.0
E14001316,Kingswinford and South Staffordshire,32.947743769999995,4.599482107,32.19000722,8.710786602999999,0.07428789744,0.0,21.47769241,0.0
E14001317,Knowsley,7.911006617999999,4.647770812,72.1482062,3.7900557299999997,0.596482062,0.0,10.90647858,0.0
E14001318,Lancaster and Wyre,20.136525680000002,5.410387295,53.50631988,5.3394911679999995,0.0,0.0,15.60727597,0.0
E14001319,Leeds Central and Headingley,11.5649053,6.9099714610000005,62.24379486,10.68278129,0.3329585748,0.0,8.265588515,0.0
E14001320,Leeds East,18.99748439,3.9317991240000003,55.96757663,5.000931706,0.5613528369999999,0.0,15.540855310000001,0.0
E14001321,Leeds North East,15.444064630000002,5.1890698319999995,63.09900423,8.390836323,0.3184780993,0.0,7.558546891,0.0
E14001322,Leeds North West,20.98932122,3.657788143,48.633443799999995,12.206947340000001,0.20252853810000002,0.0,14.30997095,0.0
E14001323,Leeds South,22.22815041,5.960365854,65.6504065,5.609756098,0.5513211382,0.0,0.0,0.0
E14001324,Leeds South West and Morley,23.02549495,4.195014007,51.434826619999996,5.0307210620000005,0.23541043809999998,0.0,16.07853292,0.0
E14001325,Leeds West and Pudsey,18.542923000000002,4.367971315,58.77901697,4.950057044,0.3585648094,0.0,13.001466859999999,0.0
E14001326,Leicester East,23.92277294,4.7183735659999995,59.10346141,6.018187878,0.24044184159999998,0.0,5.996762367,0.0
E14001327,Leicester South,14.014120250000001,6.444095796,67.34806885,5.613492686000001,0.9805731161,0.0,5.599649301,0.0
E14001328,Leicester West,18.38691039,4.580313058,59.79619708,5.491648282,0.2678852821,0.0,11.47704591,0.0
E14001329,Leigh and Atherton,20.11754269,2.685739632,53.273453090000004,5.291638944000001,0.290530051,0.0,18.341095590000002,0.0
E14001330,Lewes,24.40426077,2.738021157,15.974230389999999,43.73329917,0.038434788969999995,0.0,13.11175372,0.0
E14001331,Lewisham East,15.039260530000002,4.470749133,67.26874013,7.753071282,0.622509373,0.0,4.845669551,0.0
E14001332,Lewisham North,11.18510638,6.5404255319999995,70.56808511,7.938297872,0.6425531915,0.0,3.1255319150000003,0.0
E14001333,Lewisham West and East Dulwich,13.15051555,7.061005498,66.03519463,8.920094500000001,0.4989953854,0.0,4.334194432,0.0
E14001334,Leyton and Wanstead,15.240466220000002,5.540341745,64.52642299,8.932895778999999,0.9867602127,0.0,4.773113047,0.0
E14001335,Lichfield,29.648301049999997,4.852731026,35.15798666,10.6462369,0.16473483649999998,0.0,19.53000953,0.0
E14001336,Lincoln,17.768409339999998,5.339296796,54.09702754,4.887757067,0.2204198677,0.0,17.68708939,0.0
E14001337,Liverpool Garston,10.08569408,4.636216149,66.74154499,7.317276092999999,0.42015058860000004,0.0,10.799118100000001,0.0
E14001338,Liverpool Riverside,6.7984154729999995,7.1746298710000005,74.75158785,4.240157567,0.8542279858999999,0.0,6.180981256,0.0
E14001339,Liverpool Walton,8.748995679,4.651364791,73.55106295,4.025971206,0.7643699377000001,0.0,8.258235435,0.0
E14001340,Liverpool Wavertree,8.627869504000001,6.518509218,69.68213112000001,7.271852177,0.5754703162,0.0,7.324167661,0.0
E14001341,Liverpool West Derby,8.33369551,4.693815464,72.03920205,4.769872659,0.7953409535000001,0.0,9.368073363,0.0
E14001342,Loughborough,20.31220295,5.610358886,53.66806785,6.0645106779999995,0.0,0.0,14.34485964,0.0
E14001343,Louth and Horncastle,26.95977549,4.105602328,33.86758133,7.14686623,0.1371998753,0.0,27.78297474,0.0
E14001344,Lowestoft,24.229208699999997,6.0665234649999995,44.91744234,4.799409837,0.0,0.0,19.987415650000003,0.0
E14001345,Luton North,21.78100389,3.9519878549999996,59.76847898,6.020495303,1.354492836,0.0,7.123541133,0.0
E14001346,Luton South and South Bedfordshire,20.878917599999998,4.4447967870000005,57.11114635,5.887638074,2.764124518,0.0,8.913376671,0.0
E14001347,Macclesfield,24.54038943,4.29616975,47.772320480000005,8.743763468000001,0.1067733106,0.0,14.54058356,0.0
E14001348,Maidenhead,41.09783144,5.396747166,31.99646788,21.39190077,0.11705273530000002,0.0,0.0,0.0
E14001349,Maidstone and Malling,30.497092069999997,4.178645889999999,31.506638869999996,17.33786898,0.1667946889,0.0,16.31295951,0.0
E14001350,Makerfield,16.80897298,3.702890757,54.129809699999996,5.851752672,0.1755964793,0.0,19.33097741,0.0
E14001351,Maldon,33.14229408,4.888593951,30.39132883,10.8510296,0.0,0.0,20.72675354,0.0
E14001352,Manchester Central,12.81404598,4.852556019,66.10243477,6.504025609,0.6862935299,0.0,9.040644097,0.0
E14001353,Manchester Rusholme,10.34795993,9.05351871,75.5065479,0.0,1.1304282,0.0,3.961545255,0.0
E14001354,Manchester Withington,10.2236017,5.515086252000001,64.09070754,14.076983169999998,0.5405291273,0.0,5.553092207000001,0.0
E14001355,Mansfield,23.68647918,3.147790023,48.33989608,4.683240523,0.22134718890000002,0.0,19.921247,0.0
E14001356,Melksham and Devizes,30.24653249,3.278182492,22.76824299,29.941968140000004,0.0,0.0,13.765073880000001,0.0
E14001357,Melton and Syston,26.7636132,7.086296571,37.73484768,7.941832076999999,0.1167604288,0.0,20.356650039999998,0.0
E14001358,Meriden and Solihull East,30.491748559999998,4.4584924159999995,34.44117586,14.79835597,0.0,0.0,15.810227199999998,0.0
E14001359,Bedfordshire Mid,30.94510519,3.033833843,38.08340845,17.13456592,0.9277375954,0.0,9.875349001,0.0
E14001360,Buckinghamshire Mid,33.71474077,3.4850580489999996,30.894002259999997,18.25935706,0.07753887422,0.0,13.56930299,0.0
E14001361,Cheshire Mid,22.04955807,3.2571186859999997,51.35026827,7.427032081,0.2003695705,0.0,15.715653320000001,0.0
E14001362,Derbyshire Mid,24.28135051,7.112657536,40.59231687,8.374972185,0.08496348593,0.0,19.5537394,0.0
E14001363,Dorset Mid and Poole North,41.019515670000004,4.773922592,21.51925559,32.65455526,0.03275088138,0.0,0.0,0.0
E14001364,Leicestershire Mid,27.04851533,6.461950348999999,39.02320299,9.303504787,0.0,0.0,18.16282655,0.0
E14001365,Norfolk Mid,28.526915940000002,4.010872448000001,35.53213118,9.829399806,0.0,0.0,22.10068063,0.0
E14001366,Sussex Mid,26.85328877,4.301460348,26.89506983,31.65214277,0.04377064184,0.0,10.25426764,0.0
E14001367,Middlesbrough and Thornaby East,15.432469870000002,4.250202577,59.68058133,4.806963432,1.429803696,0.0,14.39997909,0.0
E14001368,Middlesbrough South and Cleveland East,36.25670945,6.630105018,51.358226370000004,5.521586931,0.23337222870000002,0.0,0.0,0.0
E14001369,Milton Keynes Central,27.639011470000003,3.4951456309999998,52.171226829999995,8.431156222,0.3067078553,0.0,7.956751986,0.0
E14001370,Milton Keynes North,26.49326945,3.853524983,50.53388090000001,7.713894592999999,0.0,0.0,11.40543007,0.0
E14001371,Mitcham and Morden,17.24475257,4.289390298,63.8815048,7.953554643,0.46998277439999997,0.0,6.16081492,0.0
E14001372,Morecambe and Lunesdale,22.81084266,3.16833628,44.04439206,10.874091530000001,0.0,0.0,19.102337459999998,0.0
E14001373,New Forest East,31.18777928,5.02753819,29.639405590000003,13.37005092,0.17250337729999998,0.0,20.60272264,0.0
E14001374,New Forest West,29.7891861,6.98907193,29.83404012,12.754852389999998,0.09174686022,0.0,20.541102589999998,0.0
E14001375,Newark,25.27453639,6.143885716,37.85832967,8.122457554,0.09167128206,0.0,22.50911938,0.0
E14001376,Newbury,31.30857853,3.449946292,20.51222646,32.83556941,0.04212388635,0.0,11.85155542,0.0
E14001377,Newcastle upon Tyne Central and West,13.552985419999999,5.185946348,60.600362929999996,4.971687182,0.5203436892000001,0.0,15.168674439999998,0.0
E14001378,Newcastle upon Tyne East and Wallsend,12.35064746,5.821882103,61.17563651,6.47872052,0.38576224530000003,0.0,13.78735117,0.0
E14001379,Newcastle upon Tyne North,15.34477242,5.883529318,55.05959523,9.765218782,0.1839852812,0.0,13.76289897,0.0
E14001380,Newcastle-under-Lyme,22.018852589999998,3.9550877810000005,48.83654501,6.194106919,0.0,0.0,18.9954077,0.0
E14001381,Newton Abbot,28.300922229999998,4.077459461,25.855264500000004,25.654867799999998,0.07361511564,0.0,16.03787089,0.0
E14001382,Newton Aycliffe and Spennymoor,17.79718848,4.212729175,51.79018243,5.002047223,0.2274691779,0.0,20.97038351,0.0
E14001383,Normanton and Hemsworth,15.209125479999999,4.000765239000001,52.01951359,4.880790109,0.0,0.0,23.88980558,0.0
E14001384,Bedfordshire North,29.30558077,5.048304794,35.96942377,12.33940421,0.0,0.0,17.33728646,0.0
E14001385,Cornwall North,30.15323279,1.9793407570000001,18.6054004,31.66341139,0.08054285887,0.0,17.5180718,0.0
E14001386,Cotswolds North,29.547326759999997,5.706134093999999,30.40324687,16.33682265,0.1185429266,0.0,17.8879267,0.0
E14001387,Devon North,29.09958725,3.033978209,18.465992449999998,33.75520823,0.06650887111,0.0,15.578724990000001,0.0
E14001388,Dorset North,31.84290399,4.0618443300000004,26.7360616,16.779042999999998,0.1140738628,0.0,20.466073209999998,0.0
E14001389,Durham North,15.10248351,4.5663818670000005,53.043516759999996,5.686396032999999,0.329806543,0.0,21.27141529,0.0
E14001390,Cambridgeshire North East,30.718056259999997,5.141369586,32.13054692,7.0190662139999995,0.11810928720000001,0.0,24.872851739999998,0.0
E14001391,Derbyshire North East,22.12668142,4.480248595,47.341648219999996,5.2102843519999995,0.1383449685,0.0,20.70279244,0.0
E14001392,Hampshire North East,32.36094229,3.700488125,27.697709860000003,20.61893461,0.16206517339999998,0.0,15.45985993,0.0
E14001393,Hertfordshire North East,28.37116155,6.006047279,36.37202545,12.856357500000001,0.0,0.0,16.39440823,0.0
E14001394,Somerset North East and Hanham,30.763735939999997,5.498343155000001,41.48461218,8.244538365,0.3452586463,0.0,13.663511719999999,0.0
E14001395,Herefordshire North,30.59742591,7.322495768,28.824933200000004,13.15397638,0.1203418524,0.0,19.98082689,0.0
E14001396,Norfolk North,27.3660136,1.9612208549999999,16.22409326,33.19705311,0.0,0.0,21.251619169999998,0.0
E14001397,Northumberland North,24.675002069999998,5.187546576,32.98418481,13.912809470000001,0.1635339902,0.0,23.07692308,0.0
E14001398,Shropshire North,31.59858084,4.883933097,21.484034469999997,30.897111,1.591485048,0.0,9.544855550000001,0.0
E14001399,Somerset North,27.373064250000002,5.726780508,35.00056795,16.44011965,0.0,0.0,15.45946765,0.0
