Country,Constituency,Win,Con,Lab,LDem,Grn,SNP,PC,Ref,Ind_Oth
England,Aldershot,Lab,32.1%,32.3%,9.8%,4.4%,,,15.1%,6.4%
England,Aldridge-Brownhills,Con,32.2%,30.4%,6.4%,6.2%,,,24.8%,
England,Altrincham and Sale West,Lab,26.2%,45.9%,6.7%,3.6%,,,10.8%,6.8%
England,Amber Valley,Lab,29.8%,35.6%,6.3%,6.7%,,,21.5%,
England,Arundel and South Downs,Con,25.8%,21.4%,16.8%,8.6%,,,19.7%,7.7%
England,Ashfield,Lab,20.8%,29.1%,8.1%,1.9%,,,15.8%,24.3%
England,Ashford,Lab,24.6%,28.4%,9.2%,7.2%,,,22.6%,8.1%
England,Ashton-under-Lyne,Lab,15.6%,50.6%,6.2%,5.3%,,,18.2%,4.1%
England,Aylesbury,LDem,23.1%,19.8%,27.1%,4.4%,,,20.1%,5.5%
England,Banbury,Lab,30.4%,35.3%,11.3%,4.2%,,,12.8%,6.0%
England,Barking,Lab,11.3%,61.4%,3.7%,3.6%,,,17.1%,3.0%
England,Barnsley North,Lab,18.9%,46.1%,4.6%,3.6%,,,21.7%,5.0%
England,Barnsley South,Lab,10.8%,48.2%,6.9%,4.6%,,,25.8%,3.7%
England,Barrow and Furness,Lab,35.8%,50.2%,2.4%,1.8%,,,9.8%,0.0%
England,Basildon and Billericay,Con,27.4%,27.0%,7.3%,6.0%,,,24.0%,8.3%
England,Basingstoke,Lab,29.3%,37.5%,7.5%,4.5%,,,13.8%,7.4%
England,Bassetlaw,Lab,39.4%,41.8%,3.7%,1.3%,,,13.9%,
England,Bath,LDem,15.6%,12.2%,54.8%,4.6%,,,8.5%,4.4%
England,Battersea,Lab,21.1%,54.5%,8.5%,3.7%,,,8.1%,4.1%
England,Beaconsfield,Con,25.4%,17.0%,21.7%,6.6%,,,19.3%,10.0%
England,Beckenham and Penge,Lab,24.6%,51.7%,9.5%,4.4%,,,9.8%,
England,Bedford,Lab,23.6%,52.6%,5.9%,2.9%,,,10.1%,4.9%
England,Bermondsey and Old Southwark,Lab,5.2%,53.4%,31.9%,2.7%,,,4.8%,2.0%
England,Bethnal Green and Stepney,Lab,4.6%,76.4%,8.6%,5.1%,,,3.2%,2.1%
England,Beverley and Holderness,Lab,26.1%,30.3%,8.5%,6.5%,,,19.1%,9.4%
England,Bexhill and Battle,Lab,26.3%,26.5%,11.8%,7.4%,,,21.1%,6.9%
England,Bexleyheath and Crayford,Lab,33.9%,39.2%,4.1%,3.8%,,,19.1%,
England,Bicester and Woodstock,Con,33.5%,19.2%,32.6%,6.1%,,,8.5%,
England,Birkenhead,Lab,7.2%,65.7%,6.0%,9.1%,,,5.3%,6.7%
England,Birmingham Edgbaston,Lab,15.9%,57.5%,6.7%,4.5%,,,11.2%,4.2%
England,Birmingham Erdington,Lab,17.9%,53.0%,5.2%,4.4%,,,14.8%,4.7%
England,Birmingham Hall Green and Moseley,Lab,6.5%,67.2%,9.2%,3.0%,,,4.5%,9.6%
England,Birmingham Hodge Hill and Solihull North,Lab,12.0%,60.2%,8.1%,6.1%,,,9.9%,3.7%
England,Birmingham Ladywood,Lab,6.0%,78.5%,8.7%,4.2%,,,1.4%,1.2%
England,Birmingham Northfield,Lab,31.1%,52.8%,3.2%,2.5%,,,9.9%,0.6%
England,Birmingham Perry Barr,Lab,8.8%,69.0%,9.3%,3.3%,,,6.9%,2.6%
England,Birmingham Selly Oak,Lab,13.9%,59.0%,7.8%,5.3%,,,10.4%,3.6%
England,Birmingham Yardley,Lab,11.3%,58.7%,12.5%,3.3%,,,11.3%,3.0%
England,Bishop Auckland,Lab,34.9%,46.9%,3.8%,2.4%,,,11.3%,0.6%
England,Blackburn,Lab,10.2%,68.6%,5.1%,3.4%,,,9.2%,3.4%
England,Blackley and Middleton South,Lab,12.3%,61.6%,5.5%,4.1%,,,16.5%,
England,Blackpool North and Fleetwood,Lab,36.7%,47.0%,3.1%,2.0%,,,10.2%,0.9%
England,Blackpool South,Lab,32.9%,50.3%,2.7%,1.9%,,,11.2%,0.9%
England,Blaydon and Consett,Lab,20.3%,50.7%,4.9%,4.0%,,,12.3%,7.9%
England,Blyth and Ashington,Lab,24.6%,57.0%,5.0%,2.5%,,,11.0%,
England,Bognor Regis and Littlehampton,Con,25.8%,24.1%,11.4%,6.6%,,,23.1%,9.0%
England,Bolsover,Lab,33.4%,46.6%,3.0%,2.6%,,,14.3%,
England,Bolton North East,Lab,31.2%,52.6%,2.8%,1.7%,,,11.7%,0.0%
England,Bolton South and Walkden,Lab,13.4%,57.5%,5.3%,3.9%,,,16.5%,3.5%
England,Bolton West,Lab,37.1%,46.3%,3.4%,1.9%,,,11.3%,0.0%
England,Bootle,Lab,4.1%,81.4%,5.2%,3.7%,,,4.6%,1.1%
England,Boston and Skegness,Ref,27.0%,18.9%,4.7%,5.1%,,,34.7%,9.6%
England,Bournemouth East,Lab,34.4%,43.2%,6.7%,6.1%,,,8.6%,1.1%
England,Bournemouth West,Lab,35.9%,42.5%,6.5%,6.0%,,,9.0%,
England,Bracknell,Lab,23.9%,30.6%,12.5%,6.7%,,,18.8%,7.4%
England,Bradford East,Lab,9.5%,65.4%,12.6%,2.6%,,,7.4%,2.5%
England,Bradford South,Lab,22.3%,50.6%,4.3%,3.4%,,,15.2%,4.3%
England,Bradford West,Lab,6.7%,78.4%,4.1%,3.8%,,,5.1%,2.0%
England,Braintree,Con,27.7%,23.6%,8.2%,7.5%,,,21.8%,11.2%
England,Brent East,Lab,9.8%,63.2%,12.6%,5.1%,,,6.6%,2.6%
England,Brent West,Lab,14.9%,57.3%,8.7%,4.4%,,,10.1%,4.5%
England,Brentford and Isleworth,Lab,12.7%,54.4%,15.1%,6.0%,,,8.6%,3.3%
England,Brentwood and Ongar,Con,29.5%,20.4%,12.1%,6.5%,,,22.7%,8.7%
England,Bridgwater,Lab,25.1%,26.4%,15.8%,4.9%,,,19.6%,8.2%
England,Bridlington and The Wolds,Con,28.3%,26.0%,7.0%,6.0%,,,22.2%,10.5%
England,Brigg and Immingham,Con,31.9%,28.0%,6.4%,6.5%,,,27.2%,
England,Brighton Kemptown and Peacehaven,Lab,17.2%,62.4%,7.4%,8.5%,,,,4.5%
England,Brighton Pavilion,Grn,8.1%,37.5%,4.0%,46.8%,,,1.3%,2.2%
England,Bristol Central,Grn,6.4%,39.5%,11.8%,40.2%,,,1.2%,0.9%
England,Bristol East,Lab,10.8%,64.5%,11.4%,10.4%,,,,2.8%
England,Bristol North East,Lab,21.2%,55.8%,4.4%,4.7%,,,9.6%,4.4%
England,Bristol North West,Lab,15.2%,50.2%,10.6%,9.7%,,,10.3%,4.0%
England,Bristol South,Lab,13.8%,52.8%,8.9%,9.1%,,,11.7%,3.6%
England,Broadland and Fakenham,Lab,27.5%,29.4%,15.4%,5.8%,,,21.8%,
England,Bromley and Biggin Hill,Lab,23.8%,30.7%,14.4%,6.7%,,,17.4%,7.0%
England,Bromsgrove,Con,27.3%,26.9%,11.1%,6.6%,,,20.9%,7.2%
England,Broxbourne,Lab,27.3%,29.7%,7.9%,5.9%,,,22.1%,7.2%
England,Broxtowe,Lab,24.3%,46.7%,5.0%,3.5%,,,10.6%,9.8%
England,Buckingham and Bletchley,Lab,29.0%,34.8%,8.3%,3.7%,,,17.0%,7.2%
England,Burnley,Lab,28.2%,50.1%,5.9%,3.2%,,,9.8%,2.7%
England,Burton and Uttoxeter,Lab,26.0%,36.4%,5.6%,5.9%,,,19.3%,6.8%
England,Bury North,Lab,31.0%,54.4%,3.1%,2.6%,,,8.6%,0.3%
England,Bury South,Lab,29.6%,51.8%,4.0%,2.4%,,,8.9%,3.3%
England,Bury St Edmunds and Stowmarket,Con,32.1%,30.0%,5.1%,9.4%,,,14.2%,9.2%
England,Calder Valley,Lab,25.9%,47.9%,5.4%,3.0%,,,11.1%,6.8%
England,Camborne and Redruth,Lab,28.2%,41.3%,7.3%,3.6%,,,12.5%,7.1%
England,Cambridge,Lab,6.5%,48.3%,37.1%,6.3%,,,,1.8%
England,Cannock Chase,Lab,29.6%,32.2%,5.5%,9.7%,,,23.0%,
England,Canterbury,Lab,22.9%,51.7%,5.8%,3.9%,,,10.1%,5.5%
England,Cardiff South and Penarth,Lab,19.2%,53.0%,10.8%,8.3%,,4.5%,4.2%,
England,Carlisle,Lab,24.3%,39.5%,5.7%,4.4%,,,17.4%,8.7%
England,Carshalton and Wallington,LDem,20.6%,13.0%,44.2%,4.3%,,,12.5%,5.4%
England,Castle Point,Ref,31.3%,23.1%,5.6%,5.9%,,,34.2%,
England,Central Devon,Con,26.2%,23.0%,23.2%,6.0%,,,15.3%,6.4%
England,Central Suffolk and North Ipswich,Lab,26.5%,27.6%,9.5%,9.6%,,,20.0%,6.9%
England,Chatham and Aylesford,Lab,27.3%,29.5%,5.8%,5.5%,,,24.3%,7.6%
England,Cheadle,LDem,22.1%,13.3%,44.8%,1.9%,,,12.5%,5.5%
England,Chelmsford,LDem,25.5%,17.8%,31.0%,3.2%,,,15.1%,7.3%
England,Chelsea and Fulham,Lab,27.6%,39.3%,13.1%,3.3%,,,10.4%,6.2%
England,Cheltenham,LDem,32.4%,10.6%,51.5%,4.9%,,,,0.6%
England,Chesham and Amersham,LDem,32.4%,16.9%,32.9%,7.0%,,,8.4%,2.4%
England,Chester North and Neston,Lab,17.8%,57.5%,6.9%,5.4%,,,12.4%,
England,Chester South and Eddisbury,Lab,32.3%,33.0%,9.2%,4.4%,,,13.7%,7.4%
England,Chesterfield,Lab,27.4%,51.8%,7.4%,2.3%,,,10.2%,0.9%
England,Chichester,Con,36.1%,18.4%,26.6%,7.4%,,,11.0%,0.5%
England,Chingford and Woodford Green,Lab,31.7%,54.2%,3.8%,4.0%,,,6.4%,
England,Chippenham,Con,35.3%,15.9%,35.2%,5.1%,,,8.5%,
England,Chipping Barnet,Lab,32.7%,51.2%,5.7%,4.3%,,,6.0%,0.1%
England,Chorley,Oth,,,,11.0%,,,,89.0%
England,Christchurch,Con,27.2%,18.7%,14.9%,7.1%,,,24.9%,7.1%
England,Cities of London and Westminster,Lab,26.3%,39.8%,15.5%,3.8%,,,9.4%,5.1%
England,City of Durham,Lab,20.1%,52.1%,10.7%,3.9%,,,8.9%,4.3%
England,Clacton,Ref,24.9%,18.2%,4.4%,5.8%,,,37.4%,9.2%
England,Clapham and Brixton Hill,Lab,8.6%,57.9%,18.1%,7.3%,,,5.8%,2.3%
England,Colchester,Lab,36.6%,42.5%,9.3%,4.7%,,,6.9%,
England,Colne Valley,Lab,22.0%,40.7%,10.0%,4.8%,,,15.2%,7.4%
England,Congleton,Lab,25.8%,29.6%,11.4%,6.6%,,,18.6%,8.1%
England,Corby and East Northamptonshire,Lab,28.1%,45.4%,4.1%,3.5%,,,12.8%,6.1%
England,Coventry East,Lab,15.5%,56.3%,6.4%,4.7%,,,13.1%,4.1%
England,Coventry North West,Lab,23.7%,51.3%,4.3%,4.3%,,,11.4%,5.0%
England,Coventry South,Lab,23.4%,52.5%,4.4%,3.5%,,,10.4%,5.9%
England,Cramlington and Killingworth,Lab,28.1%,54.3%,4.7%,2.2%,,,10.6%,0.0%
England,Crawley,Lab,28.3%,45.0%,3.7%,4.0%,,,13.0%,6.1%
England,Crewe and Nantwich,Lab,26.9%,46.7%,3.7%,4.0%,,,12.6%,6.0%
England,Croydon East,Lab,23.7%,58.2%,4.2%,3.7%,,,10.2%,
England,Croydon South,Lab,30.3%,37.8%,7.7%,4.2%,,,12.9%,7.1%
England,Croydon West,Lab,9.5%,69.5%,6.4%,4.8%,,,6.6%,3.3%
England,Dagenham and Rainham,Lab,22.9%,46.7%,3.1%,2.8%,,,19.1%,5.3%
England,Darlington,Lab,32.7%,49.4%,4.5%,4.1%,,,9.4%,
England,Dartford,Lab,33.7%,39.4%,4.6%,3.7%,,,18.7%,
England,Daventry,Con,29.8%,25.8%,12.5%,9.0%,,,22.9%,
England,Derby North,Lab,26.5%,51.1%,6.9%,3.3%,,,12.2%,
England,Derby South,Lab,16.1%,54.8%,7.4%,2.9%,,,14.5%,4.2%
England,Derbyshire Dales,Lab,25.8%,30.3%,11.6%,7.1%,,,18.4%,6.8%
England,Dewsbury and Batley,Lab,11.6%,55.6%,4.5%,4.6%,,,8.9%,14.7%
England,Didcot and Wantage,LDem,30.6%,17.8%,36.1%,5.9%,,,8.0%,1.6%
England,Doncaster Central,Lab,27.3%,47.7%,4.2%,2.8%,,,16.0%,2.1%
England,Doncaster East and the Isle of Axholme,Lab,36.5%,40.0%,3.5%,2.3%,,,15.7%,2.0%
England,Doncaster North,Lab,26.8%,60.4%,3.9%,3.0%,,,,6.0%
England,Dorking and Horley,LDem,33.2%,14.3%,37.6%,6.3%,,,8.5%,
England,Dover and Deal,Lab,29.0%,39.1%,3.9%,4.9%,,,15.1%,8.1%
England,Droitwich and Evesham,Con,28.0%,23.3%,10.6%,7.2%,,,22.4%,8.5%
England,Dudley,Con,39.1%,39.1%,2.4%,2.2%,,,17.1%,0.0%
England,Dulwich and West Norwood,Lab,6.9%,62.8%,7.0%,16.2%,,,4.7%,2.4%
England,Dunstable and Leighton Buzzard,Lab,31.8%,36.3%,6.3%,4.4%,,,14.4%,6.7%
England,Ealing Central and Acton,Lab,11.4%,55.7%,15.9%,6.3%,,,7.7%,3.0%
England,Ealing North,Lab,13.9%,59.3%,8.0%,5.7%,,,9.5%,3.6%
England,Ealing Southall,Lab,10.7%,63.6%,9.1%,5.7%,,,7.3%,3.7%
England,Earley and Woodley,Lab,31.0%,43.3%,13.6%,5.5%,,,,6.6%
England,Easington,Lab,12.6%,52.7%,6.3%,4.1%,,,17.2%,7.2%
England,East Grinstead and Uckfield,LDem,32.7%,18.3%,32.9%,7.7%,,,,8.3%
England,East Ham,Lab,6.3%,78.4%,4.4%,4.3%,,,4.4%,2.2%
England,East Hampshire,Con,28.1%,14.0%,26.8%,6.7%,,,16.0%,8.4%
England,East Surrey,Con,36.6%,16.8%,25.9%,6.2%,,,12.4%,2.2%
England,East Thanet,Lab,26.3%,38.7%,3.8%,4.7%,,,21.4%,5.1%
England,East Wiltshire,Con,28.8%,22.7%,13.1%,7.0%,,,20.8%,7.6%
England,East Worthing and Shoreham,Lab,27.1%,43.7%,5.6%,4.1%,,,13.5%,6.1%
England,Eastbourne,LDem,22.8%,9.2%,44.8%,3.8%,,,13.4%,6.0%
England,Eastleigh,LDem,24.5%,12.9%,37.5%,4.5%,,,14.6%,6.0%
England,Edmonton and Winchmore Hill,Lab,13.7%,61.9%,6.2%,5.0%,,,9.4%,3.8%
England,Ellesmere Port and Bromborough,Lab,12.1%,63.1%,7.0%,5.5%,,,9.1%,3.2%
England,Eltham and Chislehurst,Lab,25.7%,48.2%,4.6%,4.3%,,,11.8%,5.4%
England,Ely and East Cambridgeshire,LDem,33.8%,17.6%,34.7%,4.4%,,,8.2%,1.4%
England,Enfield North,Lab,15.8%,57.4%,6.0%,5.7%,,,10.9%,4.1%
England,Epping Forest,Con,34.8%,33.3%,12.0%,9.9%,,,,10.0%
England,Epsom and Ewell,Con,33.9%,19.5%,30.8%,5.5%,,,8.7%,1.6%
England,Erewash,Lab,24.0%,39.3%,6.0%,5.5%,,,17.5%,7.7%
England,Erith and Thamesmead,Lab,12.5%,61.9%,5.0%,5.5%,,,11.2%,3.9%
England,Esher and Walton,LDem,30.3%,11.0%,45.7%,4.8%,,,7.3%,0.9%
England,Exeter,Lab,13.4%,55.5%,6.5%,10.5%,,,9.5%,4.6%
England,Exmouth and Exeter East,Con,23.7%,20.4%,20.5%,7.1%,,,18.0%,10.2%
England,Fareham and Waterlooville,Con,26.5%,21.9%,17.0%,7.1%,,,20.7%,6.9%
England,Farnham and Bordon,Con,37.1%,12.6%,36.6%,4.8%,,,8.9%,
England,Faversham and Mid Kent,Con,26.5%,25.5%,10.9%,7.7%,,,21.4%,7.9%
England,Feltham and Heston,Lab,15.8%,55.9%,6.0%,5.7%,,,12.4%,4.1%
England,Filton and Bradley Stoke,Lab,35.0%,47.2%,5.9%,4.5%,,,7.4%,
England,Finchley and Golders Green,Lab,26.2%,31.4%,29.9%,5.4%,,,7.1%,
England,Folkestone and Hythe,Lab,29.3%,33.6%,6.3%,6.3%,,,16.8%,7.7%
England,Forest of Dean,Lab,29.8%,35.6%,4.4%,7.2%,,,14.5%,8.5%
England,Frome and East Somerset,LDem,30.7%,22.1%,31.7%,7.4%,,,7.4%,0.6%
England,Fylde,Lab,26.9%,31.2%,7.4%,6.5%,,,19.1%,8.8%
England,Gainsborough,Con,28.0%,27.1%,9.6%,5.6%,,,20.3%,9.4%
England,Gateshead Central and Whickham,Lab,14.5%,50.8%,11.1%,5.5%,,,14.2%,3.8%
England,Gedling,Lab,31.7%,53.2%,3.1%,2.5%,,,9.5%,0.0%
England,Gillingham and Rainham,Lab,31.1%,35.3%,4.4%,3.4%,,,16.8%,9.0%
England,Glastonbury and Somerton,LDem,35.4%,14.4%,36.7%,5.2%,,,8.4%,
England,Gloucester,Lab,28.9%,43.2%,4.8%,3.7%,,,13.3%,6.2%
England,Godalming and Ash,LDem,33.9%,13.6%,38.5%,4.4%,,,8.1%,1.5%
England,Goole and Pocklington,Con,28.0%,26.7%,7.8%,7.1%,,,20.3%,10.1%
England,Gorton and Denton,Lab,8.3%,69.5%,9.2%,3.5%,,,6.5%,2.9%
England,Gosport,Con,28.0%,24.4%,10.8%,7.1%,,,22.4%,7.3%
England,Grantham and Bourne,Con,28.2%,26.2%,8.0%,7.5%,,,22.0%,8.2%
England,Gravesham,Lab,34.0%,39.3%,3.8%,4.1%,,,18.7%,
England,Great Grimsby and Cleethorpes,Lab,36.5%,41.6%,4.0%,2.4%,,,15.2%,0.4%
England,Great Yarmouth,Lab,26.2%,29.1%,4.7%,5.7%,,,24.9%,9.4%
England,Greenwich and Woolwich,Lab,10.1%,58.5%,13.5%,7.3%,,,7.2%,3.5%
England,Guildford,LDem,28.7%,12.2%,42.8%,3.9%,,,7.0%,5.4%
England,Hackney North and Stoke Newington,Lab,5.7%,71.5%,8.3%,8.7%,,,3.9%,1.9%
England,Hackney South and Shoreditch,Lab,4.6%,75.4%,8.2%,7.2%,,,3.2%,1.4%
England,Halesowen,Lab,26.8%,39.4%,5.2%,5.7%,,,23.0%,
England,Halifax,Lab,23.0%,53.4%,4.8%,3.3%,,,10.7%,4.8%
England,Hamble Valley,Con,29.2%,15.1%,26.2%,4.9%,,,17.3%,7.2%
England,Hammersmith and Chiswick,Lab,13.7%,55.2%,12.9%,5.4%,,,9.2%,3.6%
England,Hampstead and Highgate,Lab,10.4%,51.3%,22.6%,6.0%,,,7.0%,2.7%
England,"Harborough, Oadby and Wigston",Lab,23.7%,30.3%,15.3%,6.5%,,,17.3%,7.0%
England,Harlow,Lab,32.6%,37.0%,3.8%,3.4%,,,16.0%,7.1%
England,Harpenden and Berkhamsted,Con,34.1%,15.2%,32.1%,5.5%,,,8.2%,4.8%
England,Harrogate and Knaresborough,LDem,24.6%,11.5%,38.6%,3.2%,,,13.9%,8.3%
England,Harrow East,Lab,36.3%,48.6%,4.4%,3.9%,,,6.8%,
England,Harrow West,Lab,15.4%,57.3%,7.6%,5.3%,,,10.4%,4.0%
England,Hartlepool,Lab,24.6%,45.8%,3.7%,1.8%,,,20.6%,3.5%
England,Harwich and North Essex,Lab,27.1%,33.8%,10.3%,7.3%,,,21.5%,
England,Hastings and Rye,Lab,25.4%,48.3%,4.3%,4.0%,,,11.6%,6.4%
England,Havant,Con,27.1%,23.4%,10.6%,6.5%,,,24.5%,7.8%
England,Hayes and Harlington,Lab,15.5%,60.4%,4.1%,4.1%,,,11.4%,4.5%
England,Hazel Grove,LDem,21.8%,16.1%,41.1%,2.7%,,,13.0%,5.3%
England,Hemel Hempstead,Lab,32.7%,40.6%,7.2%,5.0%,,,14.6%,
England,Hendon,Lab,33.1%,51.5%,5.0%,4.2%,,,6.2%,
England,Henley and Thame,LDem,34.6%,13.7%,37.0%,6.3%,,,8.3%,
England,Hereford and South Herefordshire,Con,25.9%,25.2%,14.2%,7.9%,,,20.0%,6.8%
England,Herne Bay and Sandwich,Lab,26.5%,29.2%,6.8%,8.4%,,,29.0%,
England,Hertford and Stortford,Lab,24.4%,29.5%,12.9%,7.5%,,,17.5%,8.2%
England,Hertsmere,Con,28.3%,27.8%,9.8%,6.4%,,,20.3%,7.4%
England,Hexham,Lab,28.4%,44.6%,11.9%,7.6%,,,,7.4%
England,Heywood and Middleton North,Lab,29.1%,48.2%,4.3%,,,,18.3%,0.0%
England,High Peak,Lab,25.4%,54.3%,4.7%,4.8%,,,10.8%,
England,Hinckley and Bosworth,Con,28.1%,20.8%,16.4%,6.6%,,,20.7%,7.4%
England,Hitchin,Lab,35.4%,39.8%,13.4%,3.8%,,,6.4%,1.2%
England,Holborn and St Pancras,Lab,6.8%,69.1%,11.3%,6.0%,,,4.6%,2.2%
England,Honiton and Sidmouth,Con,27.8%,15.2%,24.9%,4.0%,,,17.6%,10.5%
England,Hornchurch and Upminster,Ref,25.8%,26.7%,5.8%,6.5%,,,27.6%,7.7%
England,Hornsey and Friern Barnet,Lab,3.6%,60.5%,26.4%,4.1%,,,3.3%,2.0%
England,Horsham,LDem,26.4%,16.2%,29.8%,4.6%,,,15.7%,7.3%
England,Houghton and Sunderland South,Lab,22.7%,52.1%,4.5%,3.3%,,,17.4%,
England,Hove and Portslade,Lab,17.7%,56.8%,10.1%,9.4%,,,3.1%,2.9%
England,Huddersfield,Lab,16.1%,56.0%,8.4%,7.3%,,,12.2%,
England,Huntingdon,Lab,25.4%,26.4%,12.4%,6.4%,,,20.3%,9.1%
England,Hyndburn,Lab,32.5%,50.7%,2.3%,2.2%,,,12.3%,
England,Ilford North,Lab,16.0%,57.8%,4.9%,4.0%,,,11.1%,6.2%
England,Ilford South,Lab,9.2%,66.4%,5.6%,3.5%,,,6.4%,8.9%
England,Ipswich,Lab,26.9%,47.1%,4.5%,3.6%,,,12.1%,5.8%
England,Isle of Wight East,Lab,21.6%,25.8%,8.5%,14.6%,,,20.0%,9.5%
England,Isle of Wight West,Lab,20.7%,25.9%,8.7%,16.5%,,,19.2%,9.0%
England,Islington North,Lab,4.5%,66.4%,14.4%,9.9%,,,3.1%,1.6%
England,Islington South and Finsbury,Lab,7.4%,60.3%,18.3%,6.6%,,,5.2%,2.3%
England,Jarrow and Gateshead East,Lab,10.5%,52.4%,7.0%,4.5%,,,14.1%,11.5%
England,Keighley and Ilkley,Lab,24.8%,49.9%,3.6%,4.1%,,,10.9%,6.8%
England,Kenilworth and Southam,Con,26.1%,25.4%,15.5%,7.3%,,,18.1%,7.7%
England,Kensington and Bayswater,Lab,23.6%,48.4%,11.2%,3.3%,,,8.8%,4.7%
England,Kettering,Lab,25.9%,32.5%,5.9%,7.7%,,,18.2%,9.9%
England,Kingston and Surbiton,LDem,16.2%,10.7%,54.3%,4.5%,,,9.0%,5.3%
England,Kingston upon Hull East,Lab,22.5%,51.4%,6.6%,3.3%,,,16.2%,
England,Kingston upon Hull North and Cottingham,Lab,14.8%,50.5%,11.3%,5.0%,,,14.5%,3.9%
England,Kingston upon Hull West and Haltemprice,Lab,25.7%,43.4%,7.3%,3.2%,,,15.2%,5.1%
England,Kingswinford and South Staffordshire,Con,31.4%,23.6%,6.0%,7.0%,,,23.7%,8.2%
England,Knowsley,Lab,3.9%,81.1%,5.1%,4.5%,,,3.5%,1.9%
England,Lancaster and Wyre,Lab,27.0%,52.6%,3.9%,4.9%,,,11.6%,
England,Leeds Central and Headingley,Lab,11.2%,61.5%,13.1%,9.9%,,,2.8%,1.5%
England,Leeds East,Lab,22.4%,52.7%,3.8%,3.4%,,,12.5%,5.1%
England,Leeds North East,Lab,10.7%,62.2%,10.6%,5.8%,,,7.6%,3.2%
England,Leeds North West,Lab,23.7%,47.8%,9.0%,3.7%,,,9.5%,6.4%
England,Leeds South,Lab,12.9%,68.5%,8.1%,6.4%,,,,4.1%
England,Leeds South West and Morley,Lab,34.1%,46.4%,3.1%,3.6%,,,10.5%,2.1%
England,Leeds West and Pudsey,Lab,22.2%,54.0%,4.5%,3.3%,,,9.8%,6.2%
England,Leicester East,Lab,17.1%,55.7%,5.2%,5.0%,,,11.9%,5.2%
England,Leicester South,Lab,9.3%,68.4%,7.9%,5.5%,,,6.6%,2.4%
England,Leicester West,Lab,15.7%,51.8%,9.2%,6.1%,,,13.1%,4.1%
England,Leigh and Atherton,Lab,29.9%,52.0%,3.7%,0.8%,,,11.3%,2.2%
England,Lewes,LDem,30.2%,11.3%,43.6%,7.5%,,,7.2%,0.2%
England,Lewisham East,Lab,8.8%,65.4%,10.0%,6.0%,,,6.3%,3.4%
England,Lewisham North,Lab,5.4%,71.1%,10.1%,7.9%,,,3.7%,1.8%
England,Lewisham West and East Dulwich,Lab,6.5%,68.6%,10.0%,8.4%,,,4.4%,2.2%
England,Leyton and Wanstead,Lab,8.8%,65.7%,9.8%,6.4%,,,6.0%,3.2%
England,Lichfield,Con,27.6%,27.2%,9.4%,6.4%,,,21.1%,8.3%
England,Lincoln,Lab,25.4%,48.3%,4.7%,3.2%,,,11.2%,7.2%
England,Liverpool Garston,Lab,5.3%,74.7%,10.0%,3.4%,,,4.4%,2.1%
England,Liverpool Riverside,Lab,4.8%,81.5%,6.9%,4.7%,,,1.2%,0.9%
England,Liverpool Walton,Lab,4.3%,82.8%,4.7%,2.3%,,,3.4%,2.5%
England,Liverpool Wavertree,Lab,6.1%,70.4%,12.2%,8.0%,,,1.5%,1.8%
England,Liverpool West Derby,Lab,3.8%,80.3%,5.3%,2.4%,,,3.2%,5.0%
England,Loughborough,Lab,28.9%,49.8%,4.9%,3.7%,,,12.7%,
England,Louth and Horncastle,Con,29.4%,23.4%,7.6%,4.4%,,,25.6%,9.6%
England,Lowestoft,Lab,33.9%,39.3%,3.8%,6.5%,,,16.4%,
England,Luton North,Lab,15.2%,58.2%,4.9%,3.7%,,,11.5%,6.5%
England,Luton South and South Bedfordshire,Lab,15.5%,55.0%,6.2%,4.3%,,,11.4%,7.6%
England,Macclesfield,Lab,22.9%,38.0%,9.5%,7.5%,,,16.0%,6.0%
England,Maidenhead,LDem,32.0%,19.5%,33.9%,6.4%,,,,8.1%
England,Maidstone and Malling,Con,25.3%,24.2%,16.7%,6.7%,,,19.7%,7.4%
England,Makerfield,Lab,21.1%,52.0%,4.2%,3.0%,,,15.7%,4.0%
England,Maldon,Con,33.7%,21.5%,11.3%,8.1%,,,25.4%,
England,Manchester Central,Lab,13.0%,62.6%,9.8%,6.6%,,,6.0%,2.0%
England,Manchester Rusholme,Lab,6.2%,83.2%,,7.7%,,,1.9%,0.9%
England,Manchester Withington,Lab,7.3%,66.5%,16.8%,7.0%,,,1.3%,1.0%
England,Mansfield,Con,39.1%,37.8%,2.9%,1.3%,,,17.0%,1.8%
England,Melksham and Devizes,LDem,29.4%,14.7%,33.7%,5.0%,,,17.2%,
England,Melton and Syston,Lab,27.1%,29.4%,7.1%,8.6%,,,20.7%,7.1%
England,Meriden and Solihull East,Con,28.6%,28.6%,12.9%,9.1%,,,20.8%,
England,Mid Bedfordshire,Con,39.7%,35.5%,8.7%,5.4%,,,8.4%,2.3%
England,Mid Buckinghamshire,Ref,24.7%,19.8%,16.3%,7.1%,,,25.5%,6.5%
England,Mid Cheshire,Lab,25.2%,49.5%,5.2%,3.7%,,,11.0%,5.4%
England,Mid Derbyshire,Lab,26.0%,33.0%,8.7%,6.9%,,,18.6%,6.8%
England,Mid Dorset and North Poole,LDem,33.5%,12.6%,38.7%,6.5%,,,,8.6%
England,Mid Leicestershire,Lab,28.9%,34.0%,8.2%,7.7%,,,21.2%,
England,Mid Norfolk,Lab,28.6%,30.0%,9.6%,6.9%,,,24.8%,
England,Mid Sussex,LDem,24.5%,17.8%,31.1%,5.3%,,,14.2%,7.1%
England,Middlesbrough and Thornaby East,Lab,13.6%,57.8%,6.7%,3.5%,,,12.1%,6.4%
England,Middlesbrough South and East Cleveland,Lab,30.1%,48.6%,6.6%,6.1%,,,,8.6%
England,Milton Keynes Central,Lab,26.0%,45.9%,6.1%,3.6%,,,11.5%,6.8%
England,Milton Keynes North,Lab,29.0%,48.9%,5.1%,4.0%,,,13.0%,
England,Mitcham and Morden,Lab,11.9%,61.3%,10.0%,4.9%,,,8.4%,3.5%
England,Morecambe and Lunesdale,Lab,25.5%,36.6%,15.4%,4.3%,,,18.1%,
England,New Forest East,Con,27.7%,21.1%,12.9%,7.9%,,,21.7%,8.6%
England,New Forest West,Con,27.6%,19.5%,13.7%,10.8%,,,21.1%,7.2%
England,Newark,Lab,27.6%,30.4%,8.7%,6.3%,,,19.7%,7.2%
England,Newbury,LDem,26.1%,10.2%,35.3%,6.7%,,,14.6%,7.0%
England,Newcastle upon Tyne Central and West,Lab,11.6%,61.8%,6.1%,5.1%,,,12.3%,3.0%
England,Newcastle upon Tyne East and Wallsend,Lab,10.4%,62.1%,10.0%,5.1%,,,9.6%,2.7%
England,Newcastle upon Tyne North,Lab,14.5%,49.5%,14.4%,5.9%,,,11.9%,3.8%
England,Newcastle-under-Lyme,Lab,35.4%,46.0%,3.7%,2.5%,,,12.4%,
England,Newton Abbot,LDem,26.1%,17.6%,27.8%,5.1%,,,15.4%,8.0%
England,Newton Aycliffe and Spennymoor,Lab,31.9%,49.3%,4.4%,2.6%,,,10.8%,0.9%
England,Normanton and Hemsworth,Lab,26.3%,52.2%,3.2%,2.5%,,,15.8%,
England,North Bedfordshire,Con,29.6%,28.1%,13.2%,6.6%,,,22.6%,
England,North Cornwall,LDem,27.6%,11.9%,32.8%,3.5%,,,16.2%,8.1%
England,North Cotswolds,Con,26.2%,22.9%,16.5%,8.9%,,,18.7%,6.9%
England,North Devon,LDem,26.3%,11.2%,32.6%,6.2%,,,16.4%,7.4%
England,North Dorset,Con,29.7%,13.8%,25.1%,5.6%,,,18.5%,7.3%
England,North Durham,Lab,25.6%,55.1%,4.1%,3.1%,,,9.8%,2.4%
England,North East Cambridgeshire,Con,30.0%,22.0%,6.2%,6.6%,,,27.2%,7.9%
England,North East Derbyshire,Lab,37.9%,43.5%,4.5%,2.5%,,,11.6%,0.0%
England,North East Hampshire,Con,29.2%,12.7%,26.7%,5.4%,,,16.3%,9.7%
England,North East Hertfordshire,Lab,26.6%,31.7%,15.0%,7.7%,,,19.0%,
England,North East Somerset and Hanham,Lab,38.3%,39.4%,8.6%,5.1%,,,7.3%,1.2%
England,North Herefordshire,Grn,27.3%,16.9%,6.0%,29.7%,,,11.9%,8.2%
England,North Norfolk,LDem,29.5%,11.2%,35.4%,4.8%,,,19.1%,
England,North Northumberland,Lab,25.2%,29.8%,15.0%,6.4%,,,16.9%,6.6%
England,North Shropshire,LDem,25.9%,18.9%,26.0%,5.6%,,,16.6%,7.0%
England,North Somerset,Lab,23.4%,30.5%,15.0%,8.1%,,,16.8%,6.1%
England,North Warwickshire and Bedworth,Lab,30.6%,35.7%,4.7%,6.6%,,,22.3%,
England,North West Cambridgeshire,Lab,26.4%,30.2%,10.0%,8.3%,,,25.0%,
England,North West Essex,Con,27.1%,20.2%,17.9%,8.0%,,,19.7%,7.1%
England,North West Hampshire,Con,26.4%,23.2%,16.8%,7.6%,,,19.2%,6.9%
England,North West Leicestershire,Lab,26.9%,31.5%,6.1%,7.7%,,,19.7%,8.0%
England,North West Norfolk,Lab,29.7%,30.3%,8.8%,7.8%,,,23.3%,
England,Northampton North,Lab,25.5%,47.2%,5.7%,4.0%,,,12.3%,5.3%
England,Northampton South,Lab,24.5%,35.8%,7.5%,6.6%,,,19.2%,6.4%
England,Norwich North,Lab,26.8%,45.6%,4.3%,4.3%,,,12.3%,6.6%
England,Norwich South,Lab,12.6%,56.1%,10.2%,8.8%,,,9.0%,3.3%
England,Nottingham East,Lab,12.9%,60.5%,10.6%,8.1%,,,2.9%,4.9%
England,Nottingham North and Kimberley,Lab,23.8%,56.4%,4.2%,3.3%,,,12.4%,
England,Nottingham South,Lab,14.0%,57.8%,7.7%,5.9%,,,11.0%,3.7%
England,Nuneaton,Lab,25.7%,36.6%,5.4%,7.2%,,,18.5%,6.7%
England,Old Bexley and Sidcup,Lab,27.2%,29.6%,7.3%,6.5%,,,21.8%,7.6%
England,Oldham East and Saddleworth,Lab,22.3%,49.0%,6.7%,2.4%,,,12.4%,7.1%
England,"Oldham West, Chadderton and Royton",Lab,12.7%,56.2%,6.3%,3.0%,,,16.5%,5.3%
England,Orpington,Con,26.7%,25.8%,13.0%,6.8%,,,20.7%,7.0%
England,Ossett and Denby Dale,Lab,35.9%,42.8%,3.5%,3.3%,,,10.9%,3.7%
England,Oxford East,Lab,14.0%,56.9%,15.5%,10.6%,,,,3.0%
England,Oxford West and Abingdon,LDem,22.0%,8.5%,57.4%,6.0%,,,3.3%,2.8%
England,Peckham,Lab,5.0%,73.7%,9.6%,6.5%,,,3.5%,1.6%
England,Pendle and Clitheroe,Lab,37.5%,44.9%,4.7%,2.1%,,,10.3%,0.6%
England,Penistone and Stocksbridge,Lab,33.6%,43.4%,5.5%,2.0%,,,15.5%,
England,Penrith and Solway,Lab,24.0%,35.8%,7.4%,5.9%,,,18.7%,8.3%
England,Peterborough,Lab,25.1%,48.2%,4.5%,3.0%,,,12.9%,6.4%
England,Plymouth Moor View,Lab,32.2%,40.7%,4.5%,3.7%,,,18.8%,
England,Plymouth Sutton and Devonport,Lab,21.4%,54.5%,5.4%,3.3%,,,11.0%,4.3%
England,"Pontefract, Castleford and Knottingley",Lab,27.3%,48.3%,4.3%,1.7%,,,14.7%,3.8%
England,Poole,Lab,25.0%,26.0%,13.5%,7.7%,,,19.5%,8.3%
England,Poplar and Limehouse,Lab,8.0%,64.2%,14.5%,4.9%,,,5.5%,2.8%
England,Portsmouth North,Lab,34.8%,38.3%,4.9%,4.3%,,,17.8%,
England,Portsmouth South,Lab,22.0%,44.5%,16.5%,8.7%,,,4.9%,3.4%
England,Preston,Lab,12.9%,59.9%,8.5%,4.2%,,,11.1%,3.4%
England,Putney,Lab,21.9%,52.6%,9.4%,3.5%,,,8.3%,4.2%
England,Queen's Park and Maida Vale,Lab,8.8%,64.7%,12.8%,5.2%,,,6.0%,2.6%
England,Rawmarsh and Conisbrough,Lab,22.6%,45.2%,3.5%,2.9%,,,19.0%,6.7%
England,Rayleigh and Wickford,Con,32.3%,23.5%,7.1%,8.1%,,,29.1%,
England,Reading Central,Lab,21.8%,48.7%,9.1%,13.3%,,,4.0%,3.2%
England,Reading West and Mid Berkshire,Con,34.0%,32.1%,15.9%,8.4%,,,9.6%,
England,Redcar,Lab,31.2%,45.4%,7.0%,2.7%,,,10.9%,2.8%
England,Redditch,Lab,27.5%,31.6%,6.4%,6.2%,,,21.1%,7.2%
England,Reigate,Con,28.6%,18.5%,28.0%,8.3%,,,16.5%,
England,Ribble Valley,Lab,26.0%,33.5%,7.2%,5.8%,,,19.0%,8.5%
England,Richmond and Northallerton,Con,27.8%,23.1%,11.3%,7.1%,,,19.5%,11.2%
England,Richmond Park,LDem,19.3%,7.2%,53.1%,4.6%,,,10.5%,5.2%
England,Rochdale,Lab,11.9%,46.2%,9.8%,4.1%,,,13.0%,15.0%
England,Rochester and Strood,Lab,29.3%,32.6%,4.2%,3.2%,,,21.5%,9.2%
England,Romford,Lab,32.7%,33.5%,3.7%,4.1%,,,19.1%,6.9%
England,Romsey and Southampton North,Con,36.1%,16.3%,33.3%,4.6%,,,8.8%,0.9%
England,Rossendale and Darwen,Lab,23.9%,41.1%,6.0%,5.6%,,,17.2%,6.3%
England,Rother Valley,Lab,33.1%,41.9%,3.5%,2.9%,,,18.6%,
England,Rotherham,Lab,,46.0%,6.8%,4.6%,,,35.7%,6.9%
England,Rugby,Lab,25.1%,37.1%,7.5%,6.2%,,,17.6%,6.6%
England,"Ruislip, Northwood and Pinner",Lab,26.2%,33.4%,14.9%,7.3%,,,18.2%,
England,Runcorn and Helsby,Lab,16.5%,53.9%,6.5%,6.4%,,,12.3%,4.3%
England,Runnymede and Weybridge,Con,33.3%,19.8%,29.3%,5.7%,,,9.2%,2.7%
England,Rushcliffe,Lab,20.4%,39.3%,14.2%,4.4%,,,14.7%,7.0%
England,Rutland and Stamford,Con,27.3%,20.9%,14.1%,6.7%,,,21.2%,9.7%
England,Salford,Lab,14.6%,55.5%,11.4%,8.6%,,,7.9%,1.9%
England,Salisbury,Lab,24.3%,24.6%,17.8%,7.9%,,,17.5%,7.8%
England,Scarborough and Whitby,Lab,22.8%,38.1%,7.5%,4.2%,,,18.1%,9.3%
England,Scunthorpe,Lab,37.0%,45.4%,3.4%,1.9%,,,12.3%,0.0%
England,Sefton Central,Lab,15.2%,56.6%,7.7%,4.5%,,,11.3%,4.7%
England,Selby,Lab,25.9%,42.7%,6.3%,6.3%,,,18.9%,
England,Sevenoaks,Con,26.4%,19.5%,17.2%,6.9%,,,21.2%,8.8%
England,Sheffield Brightside and Hillsborough,Lab,12.6%,66.9%,7.6%,8.0%,,,,4.9%
England,Sheffield Central,Lab,7.3%,61.0%,13.5%,16.0%,,,,2.2%
England,Sheffield Hallam,Lab,8.0%,43.5%,39.4%,5.4%,,,,3.9%
England,Sheffield Heeley,Lab,13.3%,63.7%,11.3%,8.2%,,,,3.5%
England,Sheffield South East,Lab,20.1%,63.3%,5.9%,3.4%,,,,7.3%
England,Sherwood Forest,Lab,26.1%,35.1%,5.6%,6.2%,,,18.8%,8.1%
England,Shipley,Lab,26.3%,46.5%,4.4%,4.7%,,,10.9%,7.2%
England,Shrewsbury,Lab,21.3%,39.9%,10.2%,6.2%,,,15.7%,6.7%
England,Sittingbourne and Sheppey,Con,26.7%,25.4%,5.7%,6.6%,,,24.9%,10.7%
England,Skipton and Ripon,Con,25.5%,25.1%,14.7%,7.7%,,,18.4%,8.7%
England,Sleaford and North Hykeham,Con,28.5%,25.0%,7.3%,5.7%,,,21.8%,11.7%
England,Slough,Lab,19.0%,58.6%,8.0%,7.4%,,,4.4%,2.5%
England,Smethwick,Lab,13.1%,59.8%,5.7%,4.7%,,,13.3%,3.4%
England,Solihull West and Shirley,Con,26.3%,25.4%,14.0%,9.1%,,,18.3%,6.9%
England,South Basildon and East Thurrock,Ref,24.3%,25.7%,4.2%,4.9%,,,28.8%,12.1%
England,South Cambridgeshire,LDem,27.2%,16.8%,45.2%,4.2%,,,6.5%,
England,South Cotswolds,LDem,27.6%,12.8%,31.7%,5.3%,,,15.8%,6.8%
England,South Derbyshire,Lab,26.9%,33.2%,6.6%,6.4%,,,19.8%,7.1%
England,South Devon,LDem,24.4%,16.4%,32.0%,5.2%,,,15.1%,6.9%
England,South Dorset,Lab,25.5%,30.4%,9.5%,8.5%,,,18.6%,7.6%
England,South East Cornwall,Lab,25.8%,26.4%,14.8%,5.7%,,,18.9%,8.4%
England,South Holland and the Deepings,Con,31.0%,19.6%,5.6%,7.2%,,,27.6%,9.1%
England,South Leicestershire,Con,30.8%,28.3%,9.2%,7.8%,,,23.9%,
England,South Norfolk,Lab,24.6%,29.1%,15.3%,6.6%,,,17.9%,6.5%
England,South Northamptonshire,Con,27.4%,27.1%,10.0%,7.5%,,,19.7%,8.3%
England,South Ribble,Lab,24.7%,44.0%,7.4%,5.9%,,,18.0%,
England,South Shields,Lab,11.1%,45.7%,5.0%,7.0%,,,19.8%,11.4%
England,South Shropshire,Con,33.1%,18.4%,23.4%,5.7%,,,19.4%,
England,South Suffolk,Con,28.3%,26.7%,12.1%,11.1%,,,21.8%,
England,South West Devon,Lab,27.0%,27.5%,10.8%,7.0%,,,20.7%,7.1%
England,South West Hertfordshire,Con,32.5%,27.9%,21.7%,6.6%,,,9.4%,1.9%
England,South West Norfolk,Con,27.8%,23.5%,7.5%,6.4%,,,26.0%,8.9%
England,South West Wiltshire,Lab,25.2%,27.2%,14.7%,6.6%,,,19.7%,6.6%
England,Southampton Itchen,Lab,26.3%,47.5%,4.6%,3.1%,,,12.0%,6.6%
England,Southampton Test,Lab,22.7%,48.7%,10.4%,9.6%,,,5.2%,3.5%
England,Southend East and Rochford,Lab,29.5%,36.8%,4.6%,3.3%,,,16.8%,9.0%
England,Southend West and Leigh,Lab,30.7%,36.5%,6.7%,3.3%,,,15.2%,7.7%
England,Southgate and Wood Green,Lab,12.6%,61.1%,9.1%,5.4%,,,8.5%,3.3%
England,Southport,Lab,21.2%,40.3%,12.9%,3.2%,,,16.9%,5.6%
England,Spelthorne,Lab,24.1%,26.0%,12.8%,7.6%,,,23.2%,6.3%
England,Spen Valley,Lab,19.0%,36.3%,6.5%,4.8%,,,14.5%,18.9%
England,St Albans,LDem,18.9%,9.9%,51.0%,4.8%,,,10.5%,4.9%
England,St Austell and Newquay,Lab,29.8%,35.0%,8.1%,3.9%,,,13.4%,9.8%
England,St Helens North,Lab,12.3%,57.9%,7.3%,6.8%,,,12.4%,3.2%
England,St Helens South and Whiston,Lab,9.6%,62.1%,7.8%,7.9%,,,10.1%,2.5%
England,St Ives,LDem,23.3%,10.9%,41.5%,4.1%,,,13.7%,6.6%
England,St Neots and Mid Cambridgeshire,LDem,31.9%,20.3%,33.0%,5.3%,,,8.5%,1.0%
England,Stafford,Lab,25.1%,36.8%,5.9%,7.4%,,,18.3%,6.6%
England,Staffordshire Moorlands,Lab,29.2%,34.7%,6.1%,7.7%,,,22.3%,
England,Stalybridge and Hyde,Lab,21.9%,52.0%,4.3%,3.6%,,,12.8%,5.4%
England,Stevenage,Lab,28.5%,43.4%,5.1%,3.8%,,,13.0%,6.1%
England,Stockport,Lab,12.8%,59.6%,8.2%,5.2%,,,10.9%,3.4%
England,Stockton North,Lab,23.1%,57.8%,4.1%,1.7%,,,13.3%,
England,Stockton West,Lab,25.3%,40.6%,5.8%,3.8%,,,17.9%,6.6%
England,Stoke-on-Trent Central,Lab,31.0%,49.4%,3.7%,1.8%,,,14.1%,0.0%
England,Stoke-on-Trent North,Lab,35.2%,42.5%,3.3%,1.6%,,,16.6%,0.7%
England,Stoke-on-Trent South,Lab,40.6%,41.3%,3.8%,1.9%,,,12.5%,0.0%
England,"Stone, Great Wyrley and Penkridge",Con,37.3%,35.7%,8.6%,8.6%,,,,9.8%
England,Stourbridge,Lab,26.0%,34.1%,5.8%,5.3%,,,20.7%,8.1%
England,Stratford and Bow,Lab,6.4%,72.4%,8.2%,6.8%,,,4.6%,1.7%
England,Stratford-on-Avon,LDem,28.5%,13.4%,29.1%,5.4%,,,16.5%,7.0%
England,Streatham and Croydon North,Lab,8.4%,60.7%,16.1%,7.0%,,,5.7%,2.2%
England,Stretford and Urmston,Lab,12.3%,64.5%,6.6%,4.2%,,,9.2%,3.2%
England,Stroud,Lab,24.4%,48.9%,3.5%,6.9%,,,10.3%,6.1%
England,Suffolk Coastal,Lab,27.1%,29.9%,15.0%,8.0%,,,19.9%,
England,Sunderland Central,Lab,23.0%,53.5%,5.0%,3.4%,,,15.1%,
England,Surrey Heath,Con,36.4%,14.4%,32.9%,5.9%,,,9.5%,0.9%
England,Sussex Weald,Con,27.1%,20.9%,14.8%,9.3%,,,20.9%,7.1%
England,Sutton and Cheam,LDem,23.9%,14.9%,37.4%,4.5%,,,13.4%,5.8%
England,Sutton Coldfield,Lab,26.4%,29.7%,11.0%,6.9%,,,19.1%,6.9%
England,Swindon North,Lab,30.9%,38.9%,4.8%,3.9%,,,14.9%,6.6%
England,Swindon South,Lab,27.1%,47.2%,4.5%,3.0%,,,12.4%,5.8%
England,Tamworth,Lab,32.0%,35.8%,3.9%,3.4%,,,15.5%,9.4%
England,Tatton,Lab,27.2%,30.8%,15.9%,7.5%,,,18.7%,
England,Taunton and Wellington,LDem,32.6%,12.5%,39.8%,3.9%,,,8.4%,2.9%
England,Telford,Lab,26.8%,41.7%,6.4%,3.8%,,,21.2%,
England,Tewkesbury,LDem,27.6%,16.5%,27.6%,5.6%,,,15.9%,6.7%
England,The Wrekin,Lab,27.8%,30.4%,7.1%,6.1%,,,21.3%,7.3%
England,Thirsk and Malton,Con,26.9%,23.9%,11.1%,7.6%,,,20.8%,9.8%
England,Thornbury and Yate,LDem,36.2%,13.7%,36.4%,5.0%,,,8.7%,
England,Thurrock,Lab,28.0%,33.3%,2.9%,2.9%,,,25.5%,7.3%
England,Tipton and Wednesbury,Lab,33.5%,46.4%,2.6%,2.6%,,,15.0%,0.0%
England,Tiverton and Minehead,LDem,28.6%,16.4%,30.3%,6.0%,,,18.7%,
England,Tonbridge,Con,28.0%,21.5%,11.0%,11.0%,,,21.2%,7.3%
England,Tooting,Lab,12.6%,56.7%,13.1%,5.6%,,,8.5%,3.4%
England,Torbay,LDem,27.5%,14.3%,28.6%,5.3%,,,16.3%,8.0%
England,Torridge and Tavistock,Con,25.2%,23.2%,15.6%,8.3%,,,20.1%,7.6%
England,Tottenham,Lab,4.8%,78.5%,5.8%,5.7%,,,3.3%,1.7%
England,Truro and Falmouth,Lab,25.6%,45.8%,7.6%,4.0%,,,11.0%,6.0%
England,Tunbridge Wells,Con,34.0%,17.7%,33.5%,4.8%,,,8.8%,1.3%
England,Twickenham,LDem,16.4%,9.4%,56.6%,4.6%,,,9.0%,4.0%
England,Tynemouth,Lab,22.4%,55.3%,4.2%,3.4%,,,9.9%,4.8%
England,Uxbridge and South Ruislip,Lab,27.7%,44.3%,4.4%,3.9%,,,12.8%,7.0%
England,Vauxhall and Camberwell Green,Lab,6.5%,63.1%,17.6%,6.3%,,,4.4%,2.0%
England,Wakefield and Rothwell,Lab,29.6%,49.9%,5.4%,1.9%,,,9.5%,3.7%
England,Wallasey,Lab,11.5%,67.0%,4.9%,4.9%,,,8.7%,3.0%
England,Walsall and Bloxwich,Lab,31.6%,51.9%,2.7%,2.0%,,,11.1%,0.6%
England,Walthamstow,Lab,5.1%,74.0%,9.4%,6.0%,,,3.5%,1.8%
England,Warrington North,Lab,22.9%,51.7%,5.3%,3.9%,,,11.5%,4.7%
England,Warrington South,Lab,23.8%,51.9%,5.9%,3.1%,,,9.9%,5.4%
England,Warwick and Leamington,Lab,22.5%,51.4%,6.5%,5.3%,,,9.2%,5.1%
England,Washington and Gateshead South,Lab,20.9%,50.9%,4.5%,3.3%,,,14.6%,5.8%
England,Watford,Lab,30.4%,49.9%,9.9%,3.7%,,,5.6%,0.5%
England,Waveney Valley,Grn,27.8%,22.8%,5.6%,29.0%,,,12.1%,2.6%
England,Weald of Kent,Con,33.6%,22.9%,9.8%,8.0%,,,25.7%,
England,Wellingborough and Rushden,Lab,29.1%,41.1%,4.2%,4.1%,,,14.8%,6.8%
England,Wells and Mendip Hills,LDem,35.3%,15.2%,35.6%,4.4%,,,8.6%,0.9%
England,Welwyn Hatfield,Lab,31.0%,43.4%,7.8%,4.2%,,,13.7%,
England,West Bromwich,Lab,31.3%,50.3%,2.7%,2.4%,,,12.1%,1.3%
England,West Dorset,LDem,37.0%,15.3%,40.3%,7.5%,,,,
England,West Ham and Beckton,Lab,7.2%,72.6%,5.5%,6.1%,,,5.1%,3.4%
England,West Lancashire,Lab,17.1%,60.0%,5.6%,4.5%,,,12.8%,
England,West Suffolk,Lab,26.3%,27.0%,8.4%,7.2%,,,24.2%,6.9%
England,West Worcestershire,Con,26.6%,22.8%,16.4%,7.8%,,,19.3%,7.0%
England,Westmorland and Lonsdale,LDem,24.2%,9.5%,42.9%,3.3%,,,13.5%,6.6%
England,Weston-super-Mare,Lab,32.7%,38.9%,8.3%,4.4%,,,15.6%,
England,Wetherby and Easingwold,Con,29.9%,25.4%,7.2%,7.4%,,,20.6%,9.6%
England,Whitehaven and Workington,Lab,32.2%,53.7%,2.3%,1.6%,,,10.2%,
England,Widnes and Halewood,Lab,9.3%,70.1%,4.7%,5.0%,,,8.5%,2.4%
England,Wigan,Lab,14.6%,52.4%,6.3%,4.7%,,,18.2%,3.8%
England,Wimbledon,LDem,25.0%,20.6%,43.9%,4.3%,,,5.7%,0.5%
England,Winchester,LDem,33.8%,10.4%,42.5%,5.0%,,,8.0%,0.3%
England,Windsor,Lab,24.8%,25.7%,17.3%,6.4%,,,17.6%,8.3%
England,Wirral West,Lab,25.1%,56.0%,4.1%,4.2%,,,10.5%,
England,Witham,Con,28.5%,23.8%,8.8%,9.9%,,,21.6%,7.5%
England,Witney,Con,35.9%,18.6%,31.7%,4.9%,,,8.5%,0.4%
England,Woking,LDem,30.7%,18.8%,37.1%,4.8%,,,7.7%,0.9%
England,Wokingham,LDem,35.0%,14.5%,36.9%,5.2%,,,8.4%,
England,Wolverhampton North East,Lab,36.4%,45.7%,2.8%,1.9%,,,13.1%,
England,Wolverhampton South East,Lab,28.1%,54.7%,3.1%,1.6%,,,12.5%,0.0%
England,Wolverhampton West,Lab,31.4%,55.3%,3.0%,1.1%,,,9.1%,0.0%
England,Worcester,Lab,21.4%,41.1%,7.2%,8.1%,,,15.6%,6.7%
England,Worsley and Eccles,Lab,17.0%,50.9%,6.6%,4.5%,,,16.6%,4.5%
England,Worthing West,Lab,29.9%,37.6%,6.0%,4.4%,,,15.0%,7.1%
England,Wycombe,Lab,30.3%,50.4%,6.5%,4.4%,,,6.0%,2.3%
England,Wyre Forest,Lab,27.7%,28.7%,7.1%,7.8%,,,21.4%,7.3%
England,Wythenshawe and Sale East,Lab,13.3%,57.1%,8.4%,5.1%,,,12.5%,3.6%
England,Yeovil,Con,36.7%,12.1%,35.1%,5.4%,,,9.5%,1.2%
England,York Central,Lab,17.2%,54.1%,10.3%,11.3%,,,3.4%,3.6%
England,York Outer,Lab,21.6%,34.9%,16.8%,4.9%,,,14.9%,6.9%
Scotland,Aberdeen North,SNP,17.8%,24.0%,6.9%,,47.0%,,,4.2%
Scotland,Aberdeen South,SNP,24.9%,20.7%,9.6%,,40.3%,,,4.4%
Scotland,Aberdeenshire North and Moray East,Con,41.1%,15.1%,2.7%,0.2%,40.9%,,,
Scotland,Airdrie and Shotts,Lab,8.6%,48.5%,1.9%,,37.6%,,,3.4%
Scotland,Alloa and Grangemouth,SNP,17.7%,26.5%,4.7%,,46.1%,,,5.1%
Scotland,Angus and Perthshire Glens,SNP,33.1%,12.7%,2.9%,0.2%,46.0%,,,5.2%
Scotland,Arbroath and Broughty Ferry,SNP,21.8%,21.4%,7.1%,,44.9%,,,4.7%
Scotland,"Argyll, Bute and South Lochaber",SNP,25.0%,18.8%,12.7%,,39.2%,,,4.4%
Scotland,"Ayr, Carrick and Cumnock",SNP,27.1%,26.5%,4.0%,,37.5%,,,4.8%
Scotland,Bathgate and Linlithgow,SNP,18.2%,30.5%,7.5%,,38.8%,,,5.0%
Scotland,"Berwickshire, Roxburgh and Selkirk",Con,39.9%,14.7%,4.5%,0.2%,34.5%,,,6.2%
Scotland,"Caithness, Sutherland and Easter Ross",LDem,8.2%,11.4%,38.6%,,36.8%,,,5.0%
Scotland,Central Ayrshire,SNP,24.7%,26.5%,4.3%,,40.2%,,,4.4%
Scotland,Coatbridge and Bellshill,Lab,5.7%,50.2%,1.6%,,39.0%,,,3.5%
Scotland,Cowdenbeath and Kirkcaldy,Lab,11.9%,48.3%,3.7%,,33.1%,,,3.0%
Scotland,Cumbernauld and Kirkintilloch,SNP,7.6%,44.5%,3.0%,,44.9%,,,
Scotland,Dumfries and Galloway,SNP,36.5%,17.6%,3.4%,0.2%,36.5%,,,5.6%
Scotland,"Dumfriesshire, Clydesdale and Tweeddale",Con,38.6%,17.2%,4.1%,0.2%,33.8%,,,6.0%
Scotland,Dundee Central,SNP,7.5%,36.0%,4.7%,,47.0%,,,4.8%
Scotland,Dunfermline and Dollar,Lab,11.1%,41.9%,4.7%,,38.9%,,,3.5%
Scotland,East Kilbride and Strathaven,SNP,15.1%,33.2%,6.0%,,40.8%,,,4.9%
Scotland,East Renfrewshire,SNP,25.0%,24.7%,6.7%,,39.2%,,,4.4%
Scotland,Edinburgh East and Musselburgh,Lab,7.1%,43.3%,3.7%,,42.1%,,,3.8%
Scotland,Edinburgh North and Leith,Lab,9.2%,41.0%,6.9%,,39.0%,,,3.8%
Scotland,Edinburgh South,Lab,8.5%,62.6%,4.4%,,22.3%,,,2.1%
Scotland,Edinburgh South West,SNP,18.1%,26.1%,8.7%,,42.9%,,,4.1%
Scotland,Edinburgh West,LDem,8.4%,14.3%,43.3%,,30.9%,,,3.1%
Scotland,Falkirk,SNP,19.0%,24.2%,6.2%,,46.5%,,,4.2%
Scotland,Glasgow East,Lab,6.0%,48.0%,2.1%,,40.3%,,,3.6%
Scotland,Glasgow North,Lab,4.4%,49.3%,2.7%,,40.1%,,,3.6%
Scotland,Glasgow North East,Lab,5.2%,50.9%,1.7%,,38.6%,,,3.5%
Scotland,Glasgow South,Lab,6.3%,45.6%,3.2%,,41.1%,,,3.7%
Scotland,Glasgow South West,Lab,6.2%,48.9%,2.3%,,39.1%,,,3.5%
Scotland,Glasgow West,Lab,7.5%,44.2%,3.9%,,40.7%,,,3.7%
Scotland,Glenrothes and Mid Fife,Lab,8.0%,45.4%,2.5%,,44.1%,,,
Scotland,Gordon and Buchan,Con,41.7%,14.1%,6.7%,0.2%,37.4%,,,
Scotland,Hamilton and Clyde Valley,Lab,12.9%,44.0%,2.2%,,37.5%,,,3.4%
Scotland,Inverclyde and Renfrewshire West,Lab,8.8%,44.4%,3.4%,,39.8%,,,3.6%
Scotland,"Inverness, Skye and West Ross-shire",SNP,17.3%,20.7%,13.9%,,44.2%,,,4.0%
Scotland,Kilmarnock and Loudoun,SNP,16.9%,30.4%,4.4%,,43.4%,,,4.8%
Scotland,Livingston,SNP,11.3%,40.0%,3.5%,,41.5%,,,3.7%
Scotland,Lothian East,Lab,13.8%,48.6%,3.5%,,29.7%,,,4.5%
Scotland,Mid Dunbartonshire,LDem,7.1%,14.9%,38.7%,,34.9%,,,4.4%
Scotland,Midlothian,Lab,10.9%,46.6%,3.8%,,35.5%,,,3.2%
Scotland,"Moray West, Nairn and Strathspey",SNP,34.5%,13.3%,3.4%,0.2%,42.3%,,,6.3%
Scotland,"Motherwell, Wishaw and Carluke",Lab,10.5%,43.4%,2.2%,,38.9%,,,5.0%
Scotland,Na h-Eileanan an Iar,Lab,11.1%,44.7%,2.4%,,38.4%,,,3.4%
Scotland,North Ayrshire and Arran,SNP,22.6%,25.9%,4.0%,,43.6%,,,4.0%
Scotland,North East Fife,LDem,6.4%,11.9%,43.2%,,38.6%,,,
Scotland,Orkney and Shetland,LDem,4.8%,13.8%,48.6%,,32.9%,,,
Scotland,Paisley and Renfrewshire North,SNP,10.1%,42.5%,4.2%,,43.1%,,,
Scotland,Paisley and Renfrewshire South,Lab,9.0%,42.2%,3.3%,,41.8%,,,3.8%
Scotland,Perth and Kinross-shire,SNP,35.1%,13.6%,4.5%,0.2%,41.2%,,,5.4%
Scotland,Rutherglen,Lab,8.5%,47.0%,3.8%,,36.1%,,,4.6%
Scotland,Stirling and Strathallan,SNP,32.2%,15.5%,3.6%,0.2%,48.5%,,,
Scotland,West Aberdeenshire and Kincardine,Con,37.2%,13.5%,6.5%,0.2%,37.1%,,,5.6%
Scotland,West Dunbartonshire,Lab,7.0%,43.8%,2.2%,,41.6%,,,5.4%
Wales,Aberafan Maesteg,Lab,12.5%,55.1%,5.4%,4.1%,,10.4%,10.6%,1.8%
Wales,Alyn and Deeside,Lab,27.4%,48.2%,4.2%,3.3%,,5.8%,10.9%,0.3%
Wales,Bangor Aberconwy,Lab,24.7%,42.1%,3.6%,3.1%,,17.9%,8.3%,0.3%
Wales,Blaenau Gwent and Rhymney,Lab,13.4%,65.2%,6.4%,4.2%,,9.4%,,1.3%
Wales,"Brecon, Radnor and Cwm Tawe",LDem,27.9%,16.0%,32.5%,4.3%,,6.1%,11.8%,1.5%
Wales,Bridgend,Lab,28.4%,44.2%,4.7%,4.0%,,7.7%,10.7%,0.3%
Wales,Caerfyrddin,PC,24.2%,23.9%,2.7%,4.1%,,34.0%,10.9%,0.3%
Wales,Caerphilly,Lab,15.3%,45.1%,4.2%,3.7%,,16.1%,15.6%,
Wales,Cardiff East,Lab,12.5%,61.5%,11.1%,4.2%,,2.9%,6.6%,1.2%
