Country,Constituency,Win,Con,Lab,LDem,Grn,SNP,PC,Ref,Ind_Oth
England,Aldershot,Con,32.1%,31.2%,11.6%,4.5%,,,15.4%,5.3%
England,Aldridge-Brownhills,Con,32.9%,28.8%,6.7%,6.5%,,,25.2%,
England,Altrincham and Sale West,Lab,27.0%,44.1%,7.1%,3.8%,,,11.1%,6.8%
England,Amber Valley,Lab,30.2%,34.4%,6.7%,6.9%,,,21.9%,
England,Arundel and South Downs,Con,26.4%,20.7%,17.9%,8.8%,,,20.1%,6.2%
England,Ashfield,Lab,19.8%,28.4%,8.9%,1.7%,,,20.6%,20.6%
England,Ashford,Lab,25.2%,27.3%,9.8%,7.4%,,,23.3%,7.0%
England,Ashton-under-Lyne,Lab,16.9%,46.5%,6.5%,5.7%,,,19.1%,5.3%
England,Aylesbury,LDem,23.6%,18.9%,26.7%,4.5%,,,20.5%,5.8%
England,Banbury,Lab,30.1%,33.9%,13.3%,4.4%,,,13.1%,5.3%
England,Barking,Lab,12.3%,54.7%,3.9%,3.7%,,,17.8%,7.6%
England,Barnsley North,Lab,22.4%,42.1%,4.7%,3.9%,,,22.1%,4.8%
England,Barnsley South,Lab,14.2%,43.6%,7.1%,5.1%,,,26.5%,3.6%
England,Barrow and Furness,Lab,35.3%,49.1%,2.6%,1.8%,,,10.6%,0.6%
England,Basildon and Billericay,Con,28.2%,26.0%,7.7%,6.3%,,,24.8%,6.9%
England,Basingstoke,Lab,29.3%,36.6%,8.9%,4.6%,,,14.1%,6.4%
England,Bassetlaw,Con,40.1%,39.6%,4.2%,1.3%,,,14.9%,
England,Bath,LDem,15.6%,11.9%,55.8%,4.6%,,,8.5%,3.7%
England,Battersea,Lab,21.0%,52.0%,10.0%,3.8%,,,8.4%,4.8%
England,Beaconsfield,Con,25.9%,15.6%,23.0%,6.8%,,,19.7%,9.0%
England,Beckenham and Penge,Lab,24.4%,49.8%,11.3%,4.5%,,,10.1%,
England,Bedford,Lab,24.0%,49.7%,7.0%,3.0%,,,10.5%,5.8%
England,Bermondsey and Old Southwark,Lab,5.3%,49.7%,33.9%,2.7%,,,4.9%,3.4%
England,Bethnal Green and Stepney,Lab,4.7%,66.1%,9.4%,5.2%,,,3.3%,11.3%
England,Beverley and Holderness,Lab,26.9%,29.7%,9.1%,6.8%,,,19.6%,7.9%
England,Bexhill and Battle,Con,27.0%,25.8%,12.6%,7.7%,,,21.5%,5.4%
England,Bexleyheath and Crayford,Lab,34.3%,37.4%,4.7%,4.0%,,,19.6%,
England,Bicester and Woodstock,Con,31.3%,21.7%,30.8%,6.4%,,,8.7%,1.1%
England,Birkenhead,Lab,7.4%,64.9%,6.4%,9.1%,,,5.5%,6.7%
England,Birmingham Edgbaston,Lab,16.6%,53.1%,7.4%,4.8%,,,11.7%,6.5%
England,Birmingham Erdington,Lab,18.9%,49.1%,5.6%,4.6%,,,15.4%,6.4%
England,Birmingham Hall Green and Moseley,Lab,6.8%,55.8%,9.8%,3.1%,,,4.7%,19.9%
England,Birmingham Hodge Hill and Solihull North,Lab,12.6%,52.1%,8.6%,6.2%,,,10.3%,10.1%
England,Birmingham Ladywood,Lab,6.2%,67.1%,9.2%,4.8%,,,1.6%,11.2%
England,Birmingham Northfield,Lab,30.9%,50.6%,3.5%,2.6%,,,10.4%,2.1%
England,Birmingham Perry Barr,Lab,9.3%,59.7%,9.9%,3.5%,,,7.2%,10.5%
England,Birmingham Selly Oak,Lab,14.5%,55.4%,8.3%,5.5%,,,10.9%,5.4%
England,Birmingham Yardley,Lab,12.0%,49.2%,13.2%,3.5%,,,11.8%,10.3%
England,Bishop Auckland,Lab,34.9%,45.5%,4.1%,2.4%,,,11.9%,1.2%
England,Blackburn,Lab,11.1%,58.1%,5.4%,3.6%,,,9.7%,12.1%
England,Blackley and Middleton South,Lab,13.7%,58.1%,6.0%,4.5%,,,17.7%,
England,Blackpool North and Fleetwood,Lab,36.1%,46.1%,3.4%,2.1%,,,10.9%,1.5%
England,Blackpool South,Lab,32.8%,48.6%,2.9%,2.0%,,,12.0%,1.6%
England,Blaydon and Consett,Lab,22.0%,48.7%,5.1%,4.1%,,,13.0%,7.1%
England,Blyth and Ashington,Lab,25.4%,55.1%,5.3%,2.6%,,,11.7%,
England,Bognor Regis and Littlehampton,Con,26.4%,23.3%,12.2%,6.9%,,,23.8%,7.5%
England,Bolsover,Lab,34.0%,44.9%,3.2%,2.7%,,,15.2%,
England,Bolton North East,Lab,31.4%,47.5%,2.9%,1.8%,,,12.5%,3.7%
England,Bolton South and Walkden,Lab,14.2%,51.4%,5.6%,4.1%,,,17.1%,7.5%
England,Bolton West,Lab,36.4%,43.6%,3.7%,2.0%,,,11.9%,2.4%
England,Bootle,Lab,4.4%,80.4%,5.6%,3.8%,,,4.8%,1.1%
England,Boston and Skegness,Ref,27.7%,18.2%,5.0%,5.3%,,,35.6%,8.1%
England,Bournemouth East,Lab,33.5%,40.5%,7.9%,6.4%,,,9.0%,2.7%
England,Bournemouth West,Lab,35.2%,40.0%,7.7%,6.4%,,,9.6%,1.2%
England,Bracknell,Lab,24.5%,29.6%,13.3%,6.9%,,,19.2%,6.4%
England,Bradford East,Lab,10.2%,55.1%,13.3%,2.8%,,,7.9%,10.6%
England,Bradford South,Lab,23.7%,45.3%,4.5%,3.5%,,,15.8%,7.1%
England,Bradford West,Lab,7.1%,65.9%,4.3%,3.9%,,,5.4%,13.3%
England,Braintree,Con,28.5%,22.9%,8.8%,7.8%,,,22.4%,9.6%
England,Brent East,Lab,10.1%,57.3%,13.5%,5.2%,,,6.9%,7.1%
England,Brent West,Lab,15.5%,52.9%,9.3%,4.5%,,,10.6%,7.2%
England,Brentford and Isleworth,Lab,13.1%,49.6%,16.2%,6.1%,,,9.0%,6.1%
England,Brentwood and Ongar,Con,30.3%,19.5%,12.9%,6.9%,,,23.2%,7.2%
England,Bridgwater,Con,25.7%,25.6%,16.8%,5.2%,,,20.0%,6.8%
England,Bridlington and The Wolds,Con,29.1%,25.3%,7.5%,6.3%,,,22.8%,8.9%
England,Brigg and Immingham,Con,32.3%,26.6%,6.6%,6.8%,,,27.7%,
England,Brighton Kemptown and Peacehaven,Lab,18.1%,60.9%,7.9%,8.9%,,,,4.2%
England,Brighton Pavilion,Grn,8.3%,36.4%,4.3%,47.2%,,,1.2%,2.6%
England,Bristol Central,Grn,6.6%,37.9%,12.1%,40.5%,,,1.1%,1.8%
England,Bristol East,Lab,11.4%,61.3%,12.2%,10.6%,,,,4.5%
England,Bristol North East,Lab,21.6%,53.4%,5.1%,4.9%,,,9.9%,5.0%
England,Bristol North West,Lab,15.6%,48.9%,11.3%,9.8%,,,10.7%,3.7%
England,Bristol South,Lab,14.6%,51.1%,9.5%,9.3%,,,12.2%,3.3%
England,Broadland and Fakenham,Lab,27.7%,28.2%,16.2%,6.0%,,,21.9%,
England,Bromley and Biggin Hill,Lab,24.3%,29.4%,15.4%,6.9%,,,17.8%,6.2%
England,Bromsgrove,Con,28.0%,26.1%,11.9%,6.9%,,,21.4%,5.7%
England,Broxbourne,Lab,28.1%,28.4%,8.5%,6.2%,,,22.6%,6.3%
England,Broxtowe,Lab,25.1%,45.9%,5.4%,3.7%,,,11.0%,9.0%
England,Buckingham and Bletchley,Lab,29.0%,33.1%,9.7%,3.9%,,,17.5%,6.8%
England,Burnley,Lab,28.5%,44.9%,6.2%,3.2%,,,10.6%,6.6%
England,Burton and Uttoxeter,Lab,26.8%,34.0%,6.0%,6.2%,,,19.9%,7.1%
England,Bury North,Lab,30.6%,51.0%,3.3%,2.7%,,,9.3%,3.1%
England,Bury South,Lab,29.4%,49.2%,4.3%,2.4%,,,9.5%,5.1%
England,Bury St Edmunds and Stowmarket,Con,32.7%,29.4%,6.0%,9.5%,,,14.6%,7.7%
England,Calder Valley,Lab,26.7%,47.1%,5.8%,3.1%,,,11.4%,5.9%
England,Camborne and Redruth,Lab,28.3%,40.8%,8.6%,3.7%,,,12.9%,5.7%
England,Cambridge,Lab,6.7%,45.9%,38.3%,6.3%,,,,2.8%
England,Cannock Chase,Lab,30.1%,31.0%,5.8%,9.8%,,,23.3%,
England,Canterbury,Lab,23.1%,50.7%,6.9%,4.0%,,,10.4%,4.9%
England,Cardiff South and Penarth,Lab,20.4%,50.5%,11.9%,8.4%,,4.8%,4.0%,
England,Carlisle,Lab,25.0%,38.8%,6.1%,4.7%,,,18.0%,7.4%
England,Carshalton and Wallington,LDem,20.8%,11.9%,44.9%,4.3%,,,12.6%,5.5%
England,Castle Point,Ref,31.6%,21.8%,5.9%,6.1%,,,34.7%,
England,Central Devon,Con,26.9%,23.7%,22.8%,6.2%,,,15.7%,4.9%
England,Central Suffolk and North Ipswich,Con,27.2%,26.6%,10.1%,9.8%,,,20.5%,5.6%
England,Chatham and Aylesford,Lab,28.0%,28.4%,6.1%,5.8%,,,25.2%,6.4%
England,Cheadle,LDem,22.2%,12.0%,45.4%,2.0%,,,12.6%,5.8%
England,Chelmsford,LDem,25.9%,17.7%,31.2%,3.4%,,,15.4%,6.4%
England,Chelsea and Fulham,Lab,27.0%,36.8%,15.5%,3.5%,,,10.7%,6.6%
England,Cheltenham,LDem,31.6%,8.9%,52.3%,5.2%,,,,2.0%
England,Chesham and Amersham,LDem,31.5%,15.2%,32.4%,7.2%,,,8.9%,4.8%
England,Chester North and Neston,Lab,18.6%,55.6%,7.3%,5.6%,,,13.0%,
England,Chester South and Eddisbury,Lab,32.2%,32.3%,10.9%,4.5%,,,14.1%,5.9%
England,Chesterfield,Lab,28.2%,49.3%,7.7%,2.4%,,,11.0%,1.4%
England,Chichester,Con,35.5%,17.2%,26.2%,7.8%,,,11.6%,1.7%
England,Chingford and Woodford Green,Lab,31.3%,49.6%,4.5%,4.3%,,,6.9%,3.4%
England,Chippenham,LDem,34.5%,14.6%,35.3%,5.4%,,,9.2%,1.0%
England,Chipping Barnet,Lab,32.0%,47.4%,6.8%,4.6%,,,6.6%,2.7%
England,Chorley,Oth,,,,10.9%,,,,89.1%
England,Christchurch,Con,27.8%,17.9%,15.9%,7.4%,,,25.6%,5.5%
England,Cities of London and Westminster,Lab,25.3%,36.0%,18.3%,3.9%,,,9.6%,6.9%
England,City of Durham,Lab,21.3%,50.0%,11.7%,4.0%,,,9.2%,3.8%
England,Clacton,Ref,23.8%,16.3%,4.6%,6.0%,,,44.6%,4.7%
England,Clapham and Brixton Hill,Lab,8.9%,55.4%,19.3%,7.2%,,,6.0%,3.1%
England,Colchester,Lab,35.5%,39.7%,11.0%,5.0%,,,7.5%,1.3%
England,Colne Valley,Lab,22.8%,39.0%,10.6%,5.0%,,,15.9%,6.8%
England,Congleton,Lab,26.5%,28.8%,12.2%,6.9%,,,19.1%,6.5%
England,Corby and East Northamptonshire,Lab,28.7%,44.8%,4.8%,3.7%,,,13.3%,4.8%
England,Coventry East,Lab,16.5%,52.3%,6.8%,4.9%,,,13.7%,5.9%
England,Coventry North West,Lab,25.0%,48.7%,4.5%,4.4%,,,11.9%,5.4%
England,Coventry South,Lab,24.5%,49.6%,4.6%,3.7%,,,10.8%,6.8%
England,Cramlington and Killingworth,Lab,28.6%,52.2%,5.0%,2.4%,,,11.4%,0.5%
England,Crawley,Lab,28.9%,42.6%,4.3%,4.1%,,,13.4%,6.6%
England,Crewe and Nantwich,Lab,28.1%,45.6%,4.0%,4.2%,,,13.1%,5.1%
England,Croydon East,Lab,24.4%,56.1%,5.0%,3.9%,,,10.7%,
England,Croydon South,Lab,30.4%,35.8%,9.1%,4.3%,,,13.3%,7.0%
England,Croydon West,Lab,9.9%,65.8%,6.9%,4.9%,,,6.9%,5.6%
England,Dagenham and Rainham,Lab,24.1%,42.6%,3.5%,3.0%,,,19.7%,7.0%
England,Darlington,Lab,32.7%,48.2%,4.8%,4.2%,,,10.1%,
England,Dartford,Lab,34.0%,37.7%,5.3%,3.9%,,,19.1%,
England,Daventry,Con,30.1%,24.5%,13.1%,9.2%,,,23.1%,
England,Derby North,Lab,27.9%,48.7%,7.2%,3.5%,,,12.7%,
England,Derby South,Lab,17.2%,49.4%,7.9%,3.1%,,,15.3%,7.0%
England,Derbyshire Dales,Lab,26.5%,29.5%,12.4%,7.4%,,,19.0%,5.3%
England,Dewsbury and Batley,Lab,12.0%,50.2%,4.9%,5.1%,,,9.2%,18.6%
England,Didcot and Wantage,LDem,29.8%,16.7%,35.8%,6.2%,,,8.5%,3.1%
England,Doncaster Central,Lab,28.8%,44.2%,4.3%,2.8%,,,16.6%,3.2%
England,Doncaster East and the Isle of Axholme,Lab,37.0%,37.9%,3.6%,2.5%,,,16.4%,2.5%
England,Doncaster North,Lab,29.9%,57.0%,4.1%,3.0%,,,,6.0%
England,Dorking and Horley,LDem,32.9%,13.0%,38.2%,6.6%,,,9.2%,
England,Dover and Deal,Lab,29.6%,38.6%,4.5%,5.0%,,,15.4%,6.8%
England,Droitwich and Evesham,Con,28.9%,22.5%,11.3%,7.4%,,,22.9%,6.9%
England,Dudley,Con,38.2%,37.1%,2.6%,2.3%,,,17.9%,1.8%
England,Dulwich and West Norwood,Lab,7.2%,60.8%,7.5%,16.3%,,,4.9%,3.4%
England,Dunstable and Leighton Buzzard,Lab,32.2%,35.4%,7.5%,4.6%,,,14.8%,5.5%
England,Ealing Central and Acton,Lab,11.7%,51.3%,17.0%,6.3%,,,8.1%,5.6%
England,Ealing North,Lab,14.3%,54.7%,8.5%,5.8%,,,9.8%,6.9%
England,Ealing Southall,Lab,11.1%,58.6%,9.8%,5.8%,,,7.6%,7.0%
England,Earley and Woodley,Lab,30.5%,40.6%,16.2%,5.6%,,,,7.0%
England,Easington,Lab,14.8%,49.3%,6.5%,4.3%,,,18.4%,6.6%
England,East Grinstead and Uckfield,Con,33.5%,18.5%,33.5%,7.8%,,,,6.6%
England,East Ham,Lab,6.6%,68.6%,4.8%,4.4%,,,4.6%,11.0%
England,East Hampshire,Con,28.6%,14.2%,27.1%,6.8%,,,16.4%,6.8%
England,East Surrey,Con,35.7%,15.3%,25.3%,6.5%,,,13.1%,4.1%
England,East Thanet,Lab,26.8%,37.9%,4.4%,4.8%,,,21.9%,4.1%
England,East Wiltshire,Con,29.5%,21.9%,14.0%,7.3%,,,21.4%,5.9%
England,East Worthing and Shoreham,Lab,27.4%,43.0%,6.6%,4.2%,,,13.8%,5.1%
England,Eastbourne,LDem,22.9%,8.7%,46.0%,3.9%,,,13.5%,5.0%
England,Eastleigh,LDem,24.8%,12.8%,38.2%,4.6%,,,14.8%,4.8%
England,Edmonton and Winchmore Hill,Lab,14.3%,56.5%,6.6%,5.2%,,,9.9%,7.6%
England,Ellesmere Port and Bromborough,Lab,12.8%,61.7%,7.5%,5.7%,,,9.6%,2.7%
England,Eltham and Chislehurst,Lab,26.4%,46.2%,5.4%,4.5%,,,12.3%,5.3%
England,Ely and East Cambridgeshire,LDem,32.9%,16.3%,34.4%,4.7%,,,8.8%,2.8%
England,Enfield North,Lab,16.5%,53.0%,6.4%,5.9%,,,11.5%,6.7%
England,Epping Forest,Con,36.1%,31.8%,12.9%,10.3%,,,,8.9%
England,Epsom and Ewell,Con,33.1%,17.8%,30.2%,5.8%,,,9.3%,3.7%
England,Erewash,Lab,24.7%,38.7%,6.4%,5.8%,,,18.1%,6.3%
England,Erith and Thamesmead,Lab,13.4%,59.0%,5.3%,5.7%,,,11.6%,5.0%
England,Esher and Walton,LDem,29.2%,9.6%,45.9%,5.0%,,,7.8%,2.5%
England,Exeter,Lab,14.1%,54.1%,6.9%,10.7%,,,9.9%,4.4%
England,Exmouth and Exeter East,Con,24.2%,19.6%,21.8%,7.3%,,,18.4%,8.7%
England,Fareham and Waterlooville,Con,27.1%,21.1%,18.0%,7.4%,,,21.1%,5.4%
England,Farnham and Bordon,LDem,36.3%,10.9%,36.8%,5.2%,,,9.7%,1.3%
England,Faversham and Mid Kent,Con,27.3%,24.7%,11.7%,8.0%,,,21.9%,6.5%
England,Feltham and Heston,Lab,16.6%,51.1%,6.6%,5.9%,,,13.0%,6.8%
England,Filton and Bradley Stoke,Lab,34.8%,45.1%,7.0%,4.9%,,,8.1%,
England,Finchley and Golders Green,Lab,32.4%,33.9%,20.6%,4.3%,,,6.0%,2.9%
England,Folkestone and Hythe,Lab,29.6%,32.9%,7.4%,6.4%,,,17.3%,6.4%
England,Forest of Dean,Lab,30.4%,35.1%,5.1%,7.4%,,,14.9%,7.1%
England,Frome and East Somerset,LDem,30.1%,21.4%,31.3%,7.7%,,,8.0%,1.6%
England,Fylde,Lab,27.7%,30.5%,7.9%,6.9%,,,19.7%,7.3%
England,Gainsborough,Con,28.8%,26.4%,10.3%,5.8%,,,20.9%,7.8%
England,Gateshead Central and Whickham,Lab,15.2%,48.7%,12.1%,5.8%,,,14.7%,3.6%
England,Gedling,Lab,31.4%,51.7%,3.3%,2.6%,,,10.1%,0.9%
England,Gillingham and Rainham,Lab,31.7%,34.2%,5.1%,3.6%,,,17.4%,8.1%
England,Glastonbury and Somerton,LDem,34.9%,13.1%,37.2%,5.6%,,,9.2%,
England,Gloucester,Lab,29.4%,41.7%,5.7%,3.9%,,,13.7%,5.7%
England,Godalming and Ash,LDem,33.0%,12.1%,38.5%,4.8%,,,8.7%,3.0%
England,Goole and Pocklington,Con,28.8%,26.0%,8.4%,7.4%,,,21.0%,8.5%
England,Gorton and Denton,Lab,8.9%,62.6%,9.8%,3.7%,,,6.9%,8.1%
England,Gosport,Con,28.8%,23.7%,11.5%,7.4%,,,22.9%,5.7%
England,Grantham and Bourne,Con,29.0%,25.5%,8.5%,7.8%,,,22.5%,6.7%
England,Gravesham,Lab,34.4%,37.7%,4.4%,4.2%,,,19.2%,
England,Great Grimsby and Cleethorpes,Lab,36.2%,40.1%,4.2%,2.5%,,,16.0%,1.1%
England,Great Yarmouth,Lab,27.0%,28.4%,5.0%,5.9%,,,25.7%,7.9%
England,Greenwich and Woolwich,Lab,10.5%,55.5%,14.5%,7.3%,,,7.5%,4.7%
England,Guildford,LDem,27.5%,10.5%,42.4%,4.1%,,,7.3%,8.1%
England,Hackney North and Stoke Newington,Lab,5.9%,68.2%,8.9%,8.8%,,,4.0%,4.3%
England,Hackney South and Shoreditch,Lab,4.8%,72.0%,8.8%,7.3%,,,3.3%,3.8%
England,Halesowen,Lab,27.6%,37.1%,5.5%,6.0%,,,23.8%,
England,Halifax,Lab,24.4%,48.7%,5.0%,3.5%,,,11.3%,7.1%
England,Hamble Valley,Con,29.8%,15.3%,26.5%,5.1%,,,17.7%,5.6%
England,Hammersmith and Chiswick,Lab,14.1%,51.8%,13.8%,5.6%,,,9.6%,5.1%
England,Hampstead and Highgate,Lab,10.7%,47.7%,24.0%,6.0%,,,7.3%,4.4%
England,"Harborough, Oadby and Wigston",Lab,24.3%,28.2%,16.2%,6.7%,,,17.7%,6.8%
England,Harlow,Lab,33.4%,35.9%,4.4%,3.6%,,,16.5%,6.1%
England,Harpenden and Berkhamsted,Con,32.9%,13.6%,31.6%,5.8%,,,8.8%,7.3%
England,Harrogate and Knaresborough,LDem,24.8%,11.4%,39.5%,3.3%,,,14.1%,6.9%
England,Harrow East,Lab,35.8%,43.3%,5.3%,4.2%,,,7.6%,3.8%
England,Harrow West,Lab,16.0%,52.8%,8.2%,5.4%,,,10.9%,6.7%
England,Hartlepool,Lab,20.1%,44.1%,3.2%,1.4%,,,30.1%,1.2%
England,Harwich and North Essex,Lab,27.5%,32.5%,10.8%,7.5%,,,21.7%,
England,Hastings and Rye,Lab,25.9%,47.5%,5.1%,4.1%,,,11.9%,5.5%
England,Havant,Con,27.8%,22.7%,11.3%,6.8%,,,25.3%,6.2%
England,Hayes and Harlington,Lab,16.3%,55.4%,4.4%,4.3%,,,12.0%,7.6%
England,Hazel Grove,LDem,22.0%,16.0%,41.7%,2.9%,,,13.1%,4.3%
England,Hemel Hempstead,Lab,32.8%,38.8%,8.4%,5.1%,,,14.9%,
England,Hendon,Lab,32.5%,46.2%,6.0%,4.5%,,,6.8%,4.0%
England,Henley and Thame,LDem,33.8%,12.2%,37.2%,6.6%,,,9.0%,1.1%
England,Hereford and South Herefordshire,Con,26.5%,24.4%,15.2%,8.1%,,,20.5%,5.3%
England,Herne Bay and Sandwich,Ref,26.8%,28.1%,7.2%,8.6%,,,29.4%,
England,Hertford and Stortford,Lab,25.1%,28.6%,13.7%,7.7%,,,18.0%,7.0%
England,Hertsmere,Con,29.1%,26.4%,10.5%,6.7%,,,20.9%,6.4%
England,Hexham,Lab,29.5%,43.8%,12.8%,7.9%,,,,5.9%
England,Heywood and Middleton North,Lab,29.6%,44.7%,4.5%,,,,18.9%,2.2%
England,High Peak,Lab,26.2%,52.8%,4.9%,4.8%,,,11.2%,
England,Hinckley and Bosworth,Con,28.8%,20.0%,17.4%,6.9%,,,21.2%,5.7%
England,Hitchin,Lab,33.7%,37.0%,15.7%,4.0%,,,6.9%,2.6%
England,Holborn and St Pancras,Lab,7.1%,64.2%,12.2%,6.0%,,,4.8%,5.7%
England,Honiton and Sidmouth,Con,28.5%,15.4%,25.1%,4.2%,,,17.9%,8.9%
England,Hornchurch and Upminster,Ref,26.5%,25.4%,6.2%,6.8%,,,28.4%,6.8%
England,Hornsey and Friern Barnet,Lab,3.7%,57.8%,27.8%,4.1%,,,3.4%,3.2%
England,Horsham,LDem,26.9%,16.3%,30.1%,4.8%,,,16.0%,6.0%
England,Houghton and Sunderland South,Lab,25.0%,48.5%,4.8%,3.8%,,,17.9%,
England,Hove and Portslade,Lab,18.4%,54.9%,10.8%,9.5%,,,2.8%,3.6%
England,Huddersfield,Lab,17.6%,52.2%,9.3%,7.7%,,,13.2%,
England,Huntingdon,Con,26.1%,25.4%,13.3%,6.7%,,,20.7%,7.9%
England,Hyndburn,Lab,33.6%,48.0%,2.5%,2.3%,,,13.6%,
England,Ilford North,Lab,16.7%,50.9%,5.3%,4.2%,,,11.6%,11.3%
England,Ilford South,Lab,9.6%,57.6%,6.0%,3.6%,,,6.7%,16.4%
England,Ipswich,Lab,27.7%,45.3%,5.2%,3.8%,,,12.6%,5.3%
England,Isle of Wight East,Lab,22.2%,25.2%,9.0%,14.7%,,,20.7%,8.3%
England,Isle of Wight West,Lab,21.2%,25.3%,9.3%,16.6%,,,19.8%,7.7%
England,Islington North,Lab,5.0%,38.6%,10.7%,10.6%,,,3.5%,31.5%
England,Islington South and Finsbury,Lab,7.6%,56.6%,19.8%,6.5%,,,5.4%,4.1%
England,Jarrow and Gateshead East,Lab,11.6%,50.3%,7.5%,4.7%,,,14.8%,11.0%
England,Keighley and Ilkley,Lab,25.8%,46.3%,3.8%,4.2%,,,11.4%,8.5%
England,Kenilworth and Southam,Con,26.7%,24.5%,16.4%,7.5%,,,18.6%,6.2%
England,Kensington and Bayswater,Lab,23.1%,44.8%,13.3%,3.4%,,,9.1%,6.2%
England,Kettering,Lab,26.6%,31.6%,6.4%,7.9%,,,18.8%,8.6%
England,Kingston and Surbiton,LDem,16.2%,9.5%,55.1%,4.5%,,,9.0%,5.7%
England,Kingston upon Hull East,Lab,25.0%,47.8%,6.7%,3.5%,,,16.9%,
England,Kingston upon Hull North and Cottingham,Lab,16.3%,47.1%,11.8%,5.2%,,,15.5%,4.1%
England,Kingston upon Hull West and Haltemprice,Lab,28.0%,40.2%,7.5%,3.4%,,,16.0%,4.7%
England,Kingswinford and South Staffordshire,Con,32.4%,22.9%,6.5%,7.4%,,,24.5%,6.4%
England,Knowsley,Lab,4.2%,80.2%,5.5%,4.6%,,,3.7%,1.8%
England,Lancaster and Wyre,Lab,27.8%,50.9%,4.2%,5.1%,,,12.0%,
England,Leeds Central and Headingley,Lab,11.8%,58.2%,13.8%,10.0%,,,2.7%,3.5%
England,Leeds East,Lab,23.8%,49.0%,4.0%,3.6%,,,13.1%,6.5%
England,Leeds North East,Lab,11.3%,58.1%,11.5%,5.9%,,,8.0%,5.3%
England,Leeds North West,Lab,24.5%,46.7%,9.6%,3.8%,,,9.8%,5.7%
England,Leeds South,Lab,14.0%,64.6%,8.6%,6.6%,,,,6.1%
England,Leeds South West and Morley,Lab,33.6%,45.4%,3.4%,3.7%,,,11.1%,2.8%
England,Leeds West and Pudsey,Lab,23.2%,52.0%,4.8%,3.4%,,,10.3%,6.3%
England,Leicester East,Lab,18.2%,48.2%,5.5%,5.2%,,,12.6%,10.3%
England,Leicester South,Lab,9.7%,60.8%,8.4%,5.6%,,,6.9%,8.6%
England,Leicester West,Lab,16.6%,48.5%,9.8%,6.2%,,,13.6%,5.3%
England,Leigh and Atherton,Lab,30.0%,50.2%,4.0%,0.8%,,,12.1%,2.9%
England,Lewes,LDem,29.3%,10.1%,44.1%,7.7%,,,7.7%,1.1%
England,Lewisham East,Lab,9.3%,62.9%,10.7%,6.1%,,,6.6%,4.4%
England,Lewisham North,Lab,5.6%,68.5%,10.9%,7.9%,,,3.9%,3.2%
England,Lewisham West and East Dulwich,Lab,6.7%,66.6%,10.7%,8.5%,,,4.6%,2.9%
England,Leyton and Wanstead,Lab,9.1%,60.4%,10.6%,6.5%,,,6.3%,7.1%
England,Lichfield,Con,28.4%,26.5%,10.0%,6.6%,,,21.7%,6.7%
England,Lincoln,Lab,26.4%,47.2%,5.0%,3.5%,,,11.6%,6.3%
England,Liverpool Garston,Lab,5.7%,73.1%,10.7%,3.6%,,,4.7%,2.3%
England,Liverpool Riverside,Lab,5.0%,76.8%,7.4%,5.7%,,,1.7%,3.4%
England,Liverpool Walton,Lab,4.5%,82.1%,5.0%,2.3%,,,3.5%,2.6%
England,Liverpool Wavertree,Lab,6.4%,66.2%,12.7%,9.0%,,,1.8%,3.9%
England,Liverpool West Derby,Lab,4.2%,79.0%,5.6%,2.5%,,,3.4%,5.3%
England,Loughborough,Lab,29.2%,48.2%,5.8%,3.8%,,,13.0%,
England,Louth and Horncastle,Con,30.2%,22.6%,8.2%,4.7%,,,26.5%,7.8%
England,Lowestoft,Lab,34.2%,38.2%,4.4%,6.6%,,,16.6%,
England,Luton North,Lab,16.0%,50.8%,5.2%,4.0%,,,12.0%,12.0%
England,Luton South and South Bedfordshire,Lab,16.0%,49.0%,6.6%,4.5%,,,11.8%,12.1%
England,Macclesfield,Lab,23.6%,37.2%,10.2%,7.7%,,,16.5%,4.7%
England,Maidenhead,LDem,32.7%,18.7%,34.2%,6.7%,,,,7.7%
England,Maidstone and Malling,Con,25.9%,23.0%,17.7%,6.9%,,,20.2%,6.3%
England,Makerfield,Lab,23.1%,49.3%,4.4%,3.4%,,,16.3%,3.5%
England,Maldon,Con,34.0%,20.2%,11.8%,8.2%,,,25.6%,
England,Manchester Central,Lab,13.7%,57.8%,10.5%,6.7%,,,6.0%,5.2%
England,Manchester Rusholme,Lab,6.5%,73.8%,,8.6%,,,2.3%,8.8%
England,Manchester Withington,Lab,7.6%,61.8%,17.7%,7.4%,,,1.5%,4.1%
England,Mansfield,Con,38.1%,37.1%,3.1%,1.4%,,,17.8%,2.5%
England,Melksham and Devizes,LDem,29.3%,14.5%,33.8%,5.1%,,,17.2%,
England,Melton and Syston,Lab,27.9%,28.6%,7.6%,8.8%,,,21.3%,5.7%
England,Meriden and Solihull East,Con,29.1%,26.9%,13.6%,9.3%,,,21.1%,
England,Mid Bedfordshire,Con,39.2%,32.7%,9.2%,5.7%,,,8.9%,4.3%
England,Mid Buckinghamshire,Con,26.6%,18.5%,16.9%,7.6%,,,24.9%,5.5%
England,Mid Cheshire,Lab,26.1%,48.8%,5.6%,3.8%,,,11.4%,4.2%
England,Mid Derbyshire,Lab,26.7%,32.3%,9.3%,7.2%,,,19.2%,5.3%
England,Mid Dorset and North Poole,LDem,34.1%,12.6%,39.9%,6.7%,,,,6.6%
England,Mid Leicestershire,Lab,29.4%,32.5%,8.6%,7.9%,,,21.6%,
England,Mid Norfolk,Con,28.9%,28.7%,10.0%,7.0%,,,25.3%,
England,Mid Sussex,LDem,24.9%,18.0%,31.4%,5.4%,,,14.5%,5.8%
England,Middlesbrough and Thornaby East,Lab,14.0%,54.9%,7.1%,3.6%,,,12.3%,8.0%
England,Middlesbrough South and East Cleveland,Lab,31.3%,48.0%,7.1%,6.5%,,,,7.1%
England,Milton Keynes Central,Lab,26.3%,43.8%,7.2%,3.7%,,,11.9%,7.1%
England,Milton Keynes North,Lab,29.4%,47.1%,5.9%,4.1%,,,13.4%,
England,Mitcham and Morden,Lab,12.4%,57.6%,10.8%,5.0%,,,8.8%,5.3%
England,Morecambe and Lunesdale,Lab,25.8%,35.1%,16.2%,4.6%,,,18.4%,
England,New Forest East,Con,28.5%,20.4%,13.9%,8.2%,,,22.2%,6.9%
England,New Forest West,Con,28.3%,18.7%,14.6%,11.0%,,,21.6%,5.7%
England,Newark,Lab,28.4%,29.7%,9.3%,6.6%,,,20.3%,5.7%
England,Newbury,LDem,26.5%,10.1%,36.2%,6.8%,,,14.9%,5.6%
England,Newcastle upon Tyne Central and West,Lab,12.7%,57.2%,6.5%,5.3%,,,13.1%,5.3%
England,Newcastle upon Tyne East and Wallsend,Lab,11.1%,60.1%,10.7%,5.3%,,,10.0%,2.9%
England,Newcastle upon Tyne North,Lab,15.3%,47.0%,15.2%,6.2%,,,12.4%,3.8%
England,Newcastle-under-Lyme,Lab,35.3%,44.8%,4.0%,2.6%,,,13.3%,
England,Newton Abbot,LDem,26.6%,17.9%,27.9%,5.2%,,,15.7%,6.5%
England,Newton Aycliffe and Spennymoor,Lab,32.3%,47.4%,4.7%,2.6%,,,11.7%,1.4%
England,Normanton and Hemsworth,Lab,27.9%,49.6%,3.4%,2.5%,,,16.5%,
England,North Bedfordshire,Con,29.9%,26.7%,13.9%,6.7%,,,22.8%,
England,North Cornwall,LDem,28.0%,11.9%,33.6%,3.6%,,,16.4%,6.4%
England,North Cotswolds,Con,26.8%,22.0%,17.5%,9.1%,,,19.2%,5.4%
England,North Devon,LDem,26.6%,11.2%,33.4%,6.3%,,,16.7%,5.9%
England,North Dorset,Con,30.3%,13.9%,25.4%,5.7%,,,18.9%,5.6%
England,North Durham,Lab,26.5%,52.8%,4.4%,3.1%,,,10.6%,2.6%
England,North East Cambridgeshire,Con,30.9%,21.2%,6.6%,7.0%,,,28.2%,6.1%
England,North East Derbyshire,Lab,37.0%,42.7%,4.9%,2.6%,,,12.2%,0.6%
England,North East Hampshire,Con,29.8%,12.7%,27.2%,5.6%,,,16.8%,8.0%
England,North East Hertfordshire,Lab,26.8%,30.3%,15.8%,7.8%,,,19.2%,
England,North East Somerset and Hanham,Con,37.1%,36.8%,10.1%,5.4%,,,7.9%,2.6%
England,North Herefordshire,Grn,28.1%,16.4%,6.5%,30.0%,,,12.3%,6.8%
England,North Norfolk,LDem,29.5%,10.8%,35.8%,4.8%,,,19.0%,
England,North Northumberland,Lab,25.9%,28.7%,16.0%,6.7%,,,17.5%,5.2%
England,North Shropshire,Con,26.5%,19.3%,26.0%,5.8%,,,16.9%,5.6%
England,North Somerset,Lab,24.0%,29.7%,16.0%,8.3%,,,17.2%,4.8%
England,North Warwickshire and Bedworth,Lab,31.1%,34.4%,5.0%,6.8%,,,22.7%,
England,North West Cambridgeshire,Lab,26.9%,28.5%,10.6%,8.5%,,,25.6%,
England,North West Essex,Con,27.7%,19.4%,19.0%,8.2%,,,20.1%,5.6%
England,North West Hampshire,Con,26.9%,22.3%,17.9%,7.9%,,,19.6%,5.5%
England,North West Leicestershire,Lab,27.7%,30.8%,6.5%,8.1%,,,20.3%,6.5%
England,North West Norfolk,Con,30.1%,29.0%,9.3%,8.0%,,,23.6%,
England,Northampton North,Lab,26.2%,45.6%,6.1%,4.2%,,,12.6%,5.4%
England,Northampton South,Lab,25.3%,34.5%,8.0%,6.9%,,,19.7%,5.6%
England,Norwich North,Lab,27.3%,44.8%,5.0%,4.5%,,,12.7%,5.7%
England,Norwich South,Lab,13.2%,54.3%,10.9%,8.9%,,,9.4%,3.2%
England,Nottingham East,Lab,13.6%,55.9%,11.3%,8.1%,,,2.7%,8.4%
England,Nottingham North and Kimberley,Lab,25.3%,53.5%,4.4%,3.5%,,,13.2%,
England,Nottingham South,Lab,14.9%,54.5%,8.2%,6.0%,,,11.5%,4.9%
England,Nuneaton,Lab,26.5%,35.3%,5.8%,7.4%,,,19.1%,5.9%
England,Old Bexley and Sidcup,Lab,28.0%,28.5%,7.8%,6.9%,,,22.4%,6.5%
England,Oldham East and Saddleworth,Lab,23.7%,43.6%,7.1%,2.6%,,,13.0%,10.0%
England,"Oldham West, Chadderton and Royton",Lab,13.8%,48.4%,6.7%,3.2%,,,17.3%,10.6%
England,Orpington,Con,27.4%,24.7%,13.9%,7.0%,,,21.1%,5.9%
England,Ossett and Denby Dale,Lab,35.8%,41.1%,3.7%,3.3%,,,11.6%,4.5%
England,Oxford East,Lab,14.4%,53.3%,16.4%,10.6%,,,,5.2%
England,Oxford West and Abingdon,LDem,22.2%,8.2%,57.6%,5.8%,,,3.0%,3.2%
England,Peckham,Lab,5.3%,70.4%,10.4%,6.5%,,,3.7%,3.7%
England,Pendle and Clitheroe,Lab,36.5%,41.1%,5.0%,2.2%,,,10.9%,4.3%
England,Penistone and Stocksbridge,Lab,34.2%,41.8%,5.8%,2.0%,,,16.2%,
England,Penrith and Solway,Lab,24.8%,34.7%,8.0%,6.2%,,,19.2%,6.9%
England,Peterborough,Lab,26.0%,43.6%,5.2%,3.2%,,,13.4%,8.7%
England,Plymouth Moor View,Lab,32.4%,39.4%,5.2%,3.8%,,,19.2%,
England,Plymouth Sutton and Devonport,Lab,22.2%,52.4%,6.4%,3.5%,,,11.6%,3.9%
England,"Pontefract, Castleford and Knottingley",Lab,28.9%,45.5%,4.6%,1.7%,,,15.3%,4.0%
England,Poole,Con,25.7%,25.2%,14.4%,7.9%,,,20.0%,6.9%
England,Poplar and Limehouse,Lab,8.3%,55.6%,15.7%,5.0%,,,5.7%,9.6%
England,Portsmouth North,Con,35.7%,35.5%,5.7%,4.5%,,,18.6%,
England,Portsmouth South,Lab,22.8%,42.0%,17.5%,8.6%,,,4.5%,4.7%
England,Preston,Lab,13.7%,55.1%,9.1%,4.4%,,,11.6%,6.2%
England,Putney,Lab,21.6%,49.8%,11.1%,3.6%,,,8.6%,5.3%
England,Queen's Park and Maida Vale,Lab,9.1%,58.9%,13.6%,5.3%,,,6.2%,7.0%
England,Rawmarsh and Conisbrough,Lab,25.1%,42.4%,3.6%,3.1%,,,19.7%,6.1%
England,Rayleigh and Wickford,Con,32.5%,22.3%,7.4%,8.3%,,,29.5%,
England,Reading Central,Lab,22.3%,45.9%,9.9%,13.2%,,,3.6%,4.9%
England,Reading West and Mid Berkshire,Con,33.4%,28.9%,16.8%,8.9%,,,10.5%,1.5%
England,Redcar,Lab,31.3%,43.7%,7.3%,2.7%,,,11.6%,3.3%
England,Redditch,Lab,28.3%,30.4%,6.9%,6.4%,,,21.8%,6.2%
England,Reigate,Con,28.9%,18.2%,27.8%,8.4%,,,16.7%,
England,Ribble Valley,Lab,26.8%,32.2%,7.7%,6.1%,,,19.6%,7.6%
England,Richmond and Northallerton,Con,29.3%,22.0%,10.7%,7.6%,,,20.6%,9.8%
England,Richmond Park,LDem,19.2%,6.3%,54.2%,4.6%,,,10.6%,5.1%
England,Rochdale,Lab,11.8%,39.3%,10.4%,4.2%,,,13.1%,21.2%
England,Rochester and Strood,Lab,29.8%,31.7%,4.9%,3.4%,,,22.1%,8.1%
England,Romford,Con,33.4%,31.6%,4.3%,4.3%,,,19.8%,6.7%
England,Romsey and Southampton North,Con,35.3%,14.6%,33.0%,5.0%,,,9.4%,2.6%
England,Rossendale and Darwen,Lab,24.6%,39.9%,6.4%,5.8%,,,17.8%,5.4%
England,Rother Valley,Lab,34.2%,39.8%,3.6%,3.0%,,,19.3%,
England,Rotherham,Lab,,42.1%,7.4%,5.0%,,,37.1%,8.5%
England,Rugby,Lab,25.8%,36.0%,8.0%,6.5%,,,18.2%,5.5%
England,"Ruislip, Northwood and Pinner",Lab,27.0%,30.7%,15.9%,7.6%,,,18.8%,
England,Runcorn and Helsby,Lab,17.5%,52.4%,7.0%,6.6%,,,13.0%,3.5%
England,Runnymede and Weybridge,Con,32.4%,18.4%,28.6%,6.0%,,,9.7%,4.9%
England,Rushcliffe,Lab,20.9%,38.1%,15.2%,4.6%,,,15.0%,6.2%
England,Rutland and Stamford,Con,28.0%,20.1%,15.0%,7.0%,,,21.7%,8.2%
England,Salford,Lab,15.8%,52.0%,12.1%,8.9%,,,8.0%,3.2%
England,Salisbury,Con,24.9%,23.7%,18.9%,8.1%,,,18.0%,6.5%
England,Scarborough and Whitby,Lab,23.5%,37.4%,8.1%,4.5%,,,18.5%,8.1%
England,Scunthorpe,Lab,36.7%,43.4%,3.6%,2.0%,,,13.2%,1.1%
England,Sefton Central,Lab,16.0%,55.4%,8.2%,4.7%,,,11.8%,3.9%
England,Selby,Lab,26.3%,41.4%,6.6%,6.4%,,,19.2%,
England,Sevenoaks,Con,27.1%,18.6%,18.3%,7.1%,,,21.6%,7.3%
England,Sheffield Brightside and Hillsborough,Lab,14.0%,61.3%,8.1%,8.2%,,,,8.4%
England,Sheffield Central,Lab,7.6%,57.0%,14.0%,16.3%,,,,5.0%
England,Sheffield Hallam,LDem,8.2%,41.1%,41.6%,5.3%,,,,3.8%
England,Sheffield Heeley,Lab,14.6%,60.6%,12.1%,8.4%,,,,4.3%
England,Sheffield South East,Lab,22.3%,58.5%,6.2%,3.6%,,,,9.3%
England,Sherwood Forest,Lab,26.9%,34.4%,6.0%,6.5%,,,19.5%,6.6%
England,Shipley,Lab,27.1%,45.0%,4.7%,4.9%,,,11.4%,7.0%
England,Shrewsbury,Lab,21.8%,39.2%,10.9%,6.4%,,,16.2%,5.5%
England,Sittingbourne and Sheppey,Con,27.4%,24.6%,6.1%,6.9%,,,25.8%,9.2%
England,Skipton and Ripon,Con,26.2%,24.2%,15.6%,7.8%,,,18.9%,7.3%
England,Sleaford and North Hykeham,Con,29.4%,24.3%,7.8%,6.0%,,,22.5%,10.1%
England,Slough,Lab,19.7%,50.9%,8.9%,7.5%,,,4.1%,9.0%
England,Smethwick,Lab,14.1%,54.3%,6.0%,4.8%,,,14.1%,6.6%
England,Solihull West and Shirley,Con,26.9%,23.3%,14.9%,9.3%,,,18.8%,6.7%
England,South Basildon and East Thurrock,Ref,25.0%,24.9%,4.5%,5.2%,,,29.6%,10.9%
England,South Cambridgeshire,LDem,26.5%,15.5%,45.3%,4.5%,,,7.0%,1.1%
England,South Cotswolds,LDem,28.0%,12.8%,32.3%,5.5%,,,16.2%,5.2%
England,South Derbyshire,Lab,27.8%,32.6%,7.0%,6.7%,,,20.4%,5.5%
England,South Devon,LDem,24.8%,16.6%,32.4%,5.3%,,,15.4%,5.6%
England,South Dorset,Lab,26.2%,29.7%,10.2%,8.7%,,,19.1%,6.1%
England,South East Cornwall,Con,26.4%,25.7%,15.7%,5.9%,,,19.4%,6.9%
England,South Holland and the Deepings,Con,31.8%,18.9%,6.0%,7.5%,,,28.5%,7.3%
England,South Leicestershire,Con,31.1%,27.1%,9.7%,8.0%,,,24.2%,
England,South Norfolk,Lab,25.2%,28.3%,16.3%,6.9%,,,18.3%,5.0%
England,South Northamptonshire,Con,28.2%,26.4%,10.6%,7.8%,,,20.3%,6.7%
England,South Ribble,Lab,25.1%,42.6%,7.8%,6.1%,,,18.4%,
England,South Shields,Lab,12.7%,43.0%,5.3%,7.1%,,,20.7%,11.2%
England,South Shropshire,Con,33.3%,18.3%,22.9%,5.9%,,,19.6%,
England,South Suffolk,Con,28.6%,25.5%,12.7%,11.1%,,,22.0%,
England,South West Devon,Con,27.7%,26.7%,11.5%,7.2%,,,21.2%,5.5%
England,South West Hertfordshire,Con,31.6%,24.5%,22.7%,7.0%,,,10.1%,4.0%
England,South West Norfolk,Con,28.5%,22.7%,8.0%,6.6%,,,26.9%,7.2%
England,South West Wiltshire,Lab,25.8%,26.3%,15.7%,6.8%,,,20.1%,5.3%
England,Southampton Itchen,Lab,26.7%,46.3%,5.4%,3.3%,,,12.3%,6.0%
England,Southampton Test,Lab,23.6%,45.7%,11.3%,9.6%,,,4.9%,4.9%
England,Southend East and Rochford,Lab,30.0%,35.7%,5.3%,3.5%,,,17.4%,8.1%
England,Southend West and Leigh,Lab,31.0%,35.5%,7.9%,3.4%,,,15.5%,6.6%
England,Southgate and Wood Green,Lab,13.0%,57.4%,9.7%,5.5%,,,8.9%,5.4%
England,Southport,Lab,21.7%,39.5%,13.7%,3.5%,,,17.2%,4.4%
England,Spelthorne,Con,24.6%,24.5%,13.6%,7.8%,,,23.9%,5.6%
England,Spen Valley,Lab,19.6%,34.4%,6.9%,5.0%,,,14.9%,19.1%
England,St Albans,LDem,18.9%,8.9%,51.9%,4.8%,,,10.6%,4.9%
England,St Austell and Newquay,Lab,29.9%,34.4%,9.6%,4.0%,,,13.7%,8.4%
England,St Helens North,Lab,13.7%,55.4%,7.8%,7.0%,,,13.4%,2.8%
England,St Helens South and Whiston,Lab,10.7%,59.9%,8.4%,8.0%,,,10.9%,2.2%
England,St Ives,LDem,23.5%,10.9%,42.5%,4.2%,,,13.8%,5.1%
England,St Neots and Mid Cambridgeshire,LDem,31.2%,19.1%,32.6%,5.6%,,,9.0%,2.6%
England,Stafford,Lab,25.8%,35.9%,6.3%,7.7%,,,18.9%,5.4%
England,Staffordshire Moorlands,Lab,29.6%,33.4%,6.5%,7.9%,,,22.6%,
England,Stalybridge and Hyde,Lab,23.5%,49.0%,4.5%,3.9%,,,13.5%,5.7%
England,Stevenage,Lab,28.9%,42.4%,6.1%,4.0%,,,13.4%,5.2%
England,Stockport,Lab,13.6%,56.5%,9.1%,5.5%,,,11.3%,4.0%
England,Stockton North,Lab,24.9%,54.8%,4.3%,1.9%,,,14.1%,
England,Stockton West,Lab,26.6%,38.7%,6.1%,4.1%,,,18.8%,5.7%
England,Stoke-on-Trent Central,Lab,30.8%,46.4%,4.0%,1.9%,,,14.7%,2.2%
England,Stoke-on-Trent North,Lab,35.2%,39.8%,3.5%,1.7%,,,17.3%,2.5%
England,Stoke-on-Trent South,Lab,39.6%,39.7%,4.1%,1.9%,,,13.1%,1.6%
England,"Stone, Great Wyrley and Penkridge",Con,38.8%,35.0%,9.3%,9.1%,,,,7.9%
England,Stourbridge,Lab,26.8%,32.3%,6.3%,5.6%,,,21.3%,7.7%
England,Stratford and Bow,Lab,6.7%,65.1%,8.9%,6.8%,,,4.8%,7.7%
England,Stratford-on-Avon,LDem,29.1%,13.4%,29.6%,5.6%,,,16.9%,5.4%
England,Streatham and Croydon North,Lab,8.6%,57.2%,17.2%,7.0%,,,5.9%,4.1%
England,Stretford and Urmston,Lab,13.0%,60.9%,7.0%,4.4%,,,9.6%,5.1%
England,Stroud,Lab,25.1%,48.1%,4.0%,7.0%,,,10.8%,5.0%
England,Suffolk Coastal,Lab,27.4%,28.6%,15.7%,8.1%,,,20.1%,
England,Sunderland Central,Lab,25.0%,50.1%,5.4%,3.8%,,,15.7%,
England,Surrey Heath,Con,35.6%,12.5%,32.7%,6.2%,,,10.2%,2.7%
England,Sussex Weald,Con,27.7%,20.1%,15.7%,9.5%,,,21.3%,5.5%
England,Sutton and Cheam,LDem,24.1%,13.8%,37.7%,4.6%,,,13.7%,6.0%
England,Sutton Coldfield,Lab,27.0%,28.3%,11.8%,7.2%,,,19.6%,6.1%
England,Swindon North,Lab,31.4%,38.0%,5.6%,4.1%,,,15.3%,5.5%
England,Swindon South,Lab,27.6%,46.0%,5.3%,3.1%,,,12.8%,5.2%
England,Tamworth,Lab,33.0%,35.4%,4.2%,3.6%,,,16.0%,7.9%
England,Tatton,Lab,27.5%,29.3%,16.7%,7.6%,,,19.0%,
England,Taunton and Wellington,LDem,31.5%,11.0%,39.7%,4.2%,,,8.9%,4.7%
England,Telford,Lab,27.3%,40.3%,6.8%,4.1%,,,21.5%,
England,Tewkesbury,Con,28.1%,16.7%,27.8%,5.8%,,,16.3%,5.3%
England,The Wrekin,Lab,28.6%,29.1%,7.6%,6.4%,,,22.0%,6.3%
England,Thirsk and Malton,Con,27.6%,23.2%,11.9%,7.8%,,,21.3%,8.2%
England,Thornbury and Yate,LDem,35.7%,12.4%,36.9%,5.4%,,,9.5%,
England,Thurrock,Lab,28.6%,31.7%,3.3%,3.1%,,,26.2%,7.0%
England,Tipton and Wednesbury,Lab,33.6%,43.6%,2.7%,2.6%,,,15.7%,1.8%
England,Tiverton and Minehead,LDem,28.7%,16.4%,30.1%,6.1%,,,18.7%,
England,Tonbridge,Con,28.7%,20.7%,11.7%,11.3%,,,21.7%,5.8%
England,Tooting,Lab,13.0%,53.7%,14.0%,5.7%,,,8.8%,4.8%
England,Torbay,LDem,28.1%,14.4%,28.9%,5.5%,,,16.6%,6.5%
England,Torridge and Tavistock,Con,25.8%,22.5%,16.6%,8.5%,,,20.5%,6.0%
England,Tottenham,Lab,5.0%,74.8%,6.3%,5.8%,,,3.4%,4.6%
England,Truro and Falmouth,Lab,25.6%,45.2%,9.0%,4.1%,,,11.3%,4.8%
England,Tunbridge Wells,Con,33.1%,16.3%,33.1%,5.1%,,,9.4%,2.9%
England,Twickenham,LDem,16.3%,8.7%,57.7%,4.6%,,,9.0%,3.7%
England,Tynemouth,Lab,23.6%,53.8%,4.6%,3.6%,,,10.4%,4.1%
England,Uxbridge and South Ruislip,Lab,28.1%,41.5%,5.2%,4.0%,,,13.2%,8.0%
England,Vauxhall and Camberwell Green,Lab,6.7%,60.0%,18.9%,6.3%,,,4.6%,3.5%
England,Wakefield and Rothwell,Lab,28.9%,48.0%,5.8%,2.0%,,,9.9%,5.5%
England,Wallasey,Lab,12.2%,65.7%,5.3%,5.1%,,,9.1%,2.6%
England,Walsall and Bloxwich,Lab,31.1%,47.0%,2.9%,2.1%,,,11.8%,5.1%
England,Walthamstow,Lab,5.4%,68.8%,10.0%,6.0%,,,3.7%,6.0%
England,Warrington North,Lab,24.2%,50.1%,5.6%,4.0%,,,12.0%,4.0%
England,Warrington South,Lab,24.8%,50.6%,6.3%,3.3%,,,10.4%,4.6%
England,Warwick and Leamington,Lab,23.3%,50.4%,7.0%,5.4%,,,9.6%,4.3%
England,Washington and Gateshead South,Lab,23.1%,48.2%,4.7%,3.5%,,,15.3%,5.2%
England,Watford,Lab,29.2%,45.4%,11.6%,4.0%,,,6.0%,3.8%
England,Waveney Valley,Grn,27.6%,21.7%,5.9%,28.1%,,,12.0%,4.8%
England,Weald of Kent,Con,33.9%,21.8%,10.2%,8.3%,,,25.9%,
England,Wellingborough and Rushden,Lab,29.6%,40.2%,5.0%,4.3%,,,15.1%,5.7%
England,Wells and Mendip Hills,LDem,34.4%,13.9%,35.6%,4.8%,,,9.2%,2.0%
England,Welwyn Hatfield,Lab,30.9%,41.7%,9.1%,4.3%,,,13.9%,
England,West Bromwich,Lab,31.1%,47.0%,2.8%,2.4%,,,12.8%,3.8%
England,West Dorset,LDem,36.4%,13.9%,40.7%,7.9%,,,,1.1%
England,West Ham and Beckton,Lab,7.6%,66.8%,6.1%,6.2%,,,5.4%,7.9%
England,West Lancashire,Lab,17.9%,58.0%,5.9%,4.8%,,,13.4%,
England,West Suffolk,Con,27.0%,26.0%,8.9%,7.5%,,,25.0%,5.6%
England,West Worcestershire,Con,27.2%,22.0%,17.5%,8.0%,,,19.8%,5.4%
England,Westmorland and Lonsdale,LDem,24.4%,9.3%,44.0%,3.4%,,,13.7%,5.2%
England,Weston-super-Mare,Lab,32.4%,37.6%,9.7%,4.5%,,,15.8%,
England,Wetherby and Easingwold,Con,30.8%,24.6%,7.7%,7.7%,,,21.4%,7.8%
England,Whitehaven and Workington,Lab,31.8%,53.2%,2.5%,1.7%,,,10.8%,
England,Widnes and Halewood,Lab,10.2%,68.6%,5.0%,5.2%,,,9.0%,2.1%
England,Wigan,Lab,16.3%,49.2%,6.6%,5.3%,,,19.2%,3.5%
England,Wimbledon,LDem,24.4%,18.7%,43.5%,4.5%,,,6.2%,2.7%
England,Winchester,LDem,32.8%,8.8%,43.0%,5.3%,,,8.6%,1.6%
England,Windsor,Con,25.3%,23.6%,18.4%,6.6%,,,18.0%,8.1%
England,Wirral West,Lab,26.0%,54.5%,4.3%,4.3%,,,10.9%,
England,Witham,Con,29.3%,23.1%,9.4%,10.1%,,,22.2%,5.8%
England,Witney,Con,35.1%,17.4%,31.4%,5.3%,,,9.2%,1.6%
England,Woking,LDem,29.9%,16.3%,36.5%,5.1%,,,8.3%,3.9%
England,Wokingham,LDem,34.7%,13.0%,37.5%,5.6%,,,9.1%,
England,Wolverhampton North East,Lab,36.3%,44.5%,3.1%,2.0%,,,14.1%,
England,Wolverhampton South East,Lab,28.3%,52.2%,3.2%,1.7%,,,13.1%,1.4%
England,Wolverhampton West,Lab,31.1%,52.8%,3.3%,1.2%,,,9.7%,2.0%
England,Worcester,Lab,22.0%,39.8%,7.7%,8.3%,,,16.1%,6.1%
England,Worsley and Eccles,Lab,18.2%,48.2%,7.0%,4.9%,,,17.5%,4.2%
England,Worthing West,Lab,30.3%,36.8%,7.1%,4.5%,,,15.3%,5.9%
England,Wycombe,Lab,29.4%,44.6%,7.7%,4.6%,,,6.4%,7.3%
England,Wyre Forest,Con,28.5%,27.9%,7.6%,8.1%,,,22.1%,5.8%
England,Wythenshawe and Sale East,Lab,14.2%,54.3%,8.9%,5.4%,,,13.2%,4.0%
England,Yeovil,Con,35.8%,10.6%,35.3%,5.7%,,,10.1%,2.6%
England,York Central,Lab,17.9%,52.5%,11.1%,11.4%,,,3.1%,4.0%
England,York Outer,Lab,22.1%,33.8%,17.9%,5.1%,,,15.3%,5.8%
Scotland,Aberdeen North,SNP,16.6%,24.8%,7.2%,,45.5%,,,5.9%
Scotland,Aberdeen South,SNP,23.4%,21.4%,10.0%,,39.1%,,,6.1%
Scotland,Aberdeenshire North and Moray East,SNP,40.0%,16.1%,2.9%,0.2%,40.7%,,,
Scotland,Airdrie and Shotts,Lab,8.0%,49.1%,2.0%,,36.3%,,,4.7%
Scotland,Alloa and Grangemouth,SNP,16.5%,27.3%,4.9%,,44.6%,,,6.7%
Scotland,Angus and Perthshire Glens,SNP,31.5%,13.2%,3.0%,0.2%,44.8%,,,7.2%
Scotland,Arbroath and Broughty Ferry,SNP,20.4%,22.2%,7.4%,,43.6%,,,6.3%
Scotland,"Argyll, Bute and South Lochaber",SNP,23.4%,19.4%,13.2%,,38.0%,,,6.1%
Scotland,"Ayr, Carrick and Cumnock",SNP,25.4%,27.3%,4.2%,,36.5%,,,6.6%
Scotland,Bathgate and Linlithgow,SNP,17.0%,31.3%,7.8%,,37.6%,,,6.3%
Scotland,"Berwickshire, Roxburgh and Selkirk",Con,37.9%,15.2%,4.7%,0.2%,33.5%,,,8.5%
Scotland,"Caithness, Sutherland and Easter Ross",LDem,7.5%,11.7%,39.3%,,35.2%,,,6.3%
Scotland,Central Ayrshire,SNP,23.2%,27.3%,4.5%,,39.0%,,,6.0%
Scotland,Coatbridge and Bellshill,Lab,5.3%,50.7%,1.6%,,37.5%,,,4.8%
Scotland,Cowdenbeath and Kirkcaldy,Lab,11.1%,48.9%,3.9%,,32.0%,,,4.1%
Scotland,Cumbernauld and Kirkintilloch,Lab,7.2%,45.8%,3.2%,,43.8%,,,
Scotland,Dumfries and Galloway,SNP,34.7%,18.2%,3.6%,0.3%,35.5%,,,7.8%
Scotland,"Dumfriesshire, Clydesdale and Tweeddale",Con,36.7%,17.8%,4.3%,0.2%,32.8%,,,8.2%
Scotland,Dundee Central,SNP,7.0%,36.7%,4.8%,,45.2%,,,6.4%
Scotland,Dunfermline and Dollar,Lab,10.3%,42.5%,4.8%,,37.6%,,,4.9%
Scotland,East Kilbride and Strathaven,SNP,14.1%,33.9%,6.3%,,39.4%,,,6.3%
Scotland,East Renfrewshire,SNP,23.5%,25.4%,6.9%,,38.1%,,,6.1%
Scotland,Edinburgh East and Musselburgh,Lab,6.6%,43.8%,3.8%,,40.5%,,,5.2%
Scotland,Edinburgh North and Leith,Lab,8.6%,41.6%,7.1%,,37.6%,,,5.1%
Scotland,Edinburgh South,Lab,7.9%,63.1%,4.6%,,21.5%,,,2.9%
Scotland,Edinburgh South West,SNP,16.9%,26.9%,9.0%,,41.5%,,,5.6%
Scotland,Edinburgh West,LDem,7.8%,14.1%,44.4%,,29.9%,,,3.9%
Scotland,Falkirk,SNP,17.8%,24.9%,6.4%,,45.0%,,,5.8%
Scotland,Glasgow East,Lab,5.6%,48.5%,2.2%,,38.7%,,,5.0%
Scotland,Glasgow North,Lab,4.0%,49.8%,2.8%,,38.4%,,,5.0%
Scotland,Glasgow North East,Lab,4.8%,51.4%,1.8%,,37.1%,,,4.8%
Scotland,Glasgow South,Lab,5.9%,46.2%,3.3%,,39.5%,,,5.1%
Scotland,Glasgow South West,Lab,5.8%,49.4%,2.4%,,37.6%,,,4.9%
Scotland,Glasgow West,Lab,7.0%,44.8%,4.0%,,39.1%,,,5.1%
Scotland,Glenrothes and Mid Fife,Lab,7.6%,46.7%,2.6%,,43.1%,,,
Scotland,Gordon and Buchan,Con,40.6%,14.9%,7.1%,0.2%,37.2%,,,
Scotland,Hamilton and Clyde Valley,Lab,12.1%,44.7%,2.3%,,36.3%,,,4.7%
Scotland,Inverclyde and Renfrewshire West,Lab,8.2%,45.0%,3.5%,,38.4%,,,5.0%
Scotland,"Inverness, Skye and West Ross-shire",SNP,16.1%,21.3%,14.4%,,42.7%,,,5.5%
Scotland,Kilmarnock and Loudoun,SNP,15.8%,31.2%,4.6%,,42.0%,,,6.4%
Scotland,Livingston,Lab,10.6%,40.6%,3.6%,,40.1%,,,5.2%
Scotland,Lothian East,Lab,12.9%,49.1%,3.6%,,28.7%,,,5.7%
Scotland,Mid Dunbartonshire,LDem,6.6%,15.2%,39.3%,,33.4%,,,5.6%
Scotland,Midlothian,Lab,10.2%,47.2%,3.9%,,34.3%,,,4.4%
Scotland,"Moray West, Nairn and Strathspey",SNP,32.9%,13.9%,3.6%,0.2%,41.2%,,,8.4%
Scotland,"Motherwell, Wishaw and Carluke",Lab,9.8%,44.0%,2.2%,,37.5%,,,6.4%
Scotland,Na h-Eileanan an Iar,Lab,10.4%,45.3%,2.5%,,37.1%,,,4.8%
Scotland,North Ayrshire and Arran,SNP,21.2%,26.6%,4.2%,,42.4%,,,5.5%
Scotland,North East Fife,LDem,6.0%,12.3%,44.4%,,37.3%,,,
Scotland,Orkney and Shetland,LDem,4.5%,12.8%,50.5%,,32.2%,,,
Scotland,Paisley and Renfrewshire North,Lab,9.6%,43.8%,4.4%,,42.2%,,,
Scotland,Paisley and Renfrewshire South,Lab,8.3%,42.8%,3.4%,,40.3%,,,5.2%
Scotland,Perth and Kinross-shire,SNP,33.4%,14.1%,4.7%,0.2%,40.1%,,,7.4%
Scotland,Rutherglen,Lab,7.9%,47.5%,3.9%,,34.8%,,,5.9%
Scotland,Stirling and Strathallan,SNP,31.3%,16.4%,3.9%,0.2%,48.2%,,,
Scotland,West Aberdeenshire and Kincardine,SNP,35.4%,14.0%,6.8%,0.2%,36.0%,,,7.6%
Scotland,West Dunbartonshire,Lab,6.5%,44.4%,2.3%,,40.0%,,,6.8%
Wales,Aberafan Maesteg,Lab,12.5%,52.7%,5.9%,4.3%,,10.8%,11.6%,2.2%
Wales,Alyn and Deeside,Lab,27.4%,46.2%,4.6%,3.4%,,5.7%,11.9%,0.8%
Wales,Bangor Aberconwy,Lab,24.0%,41.0%,3.9%,3.1%,,17.8%,9.1%,1.0%
Wales,Blaenau Gwent and Rhymney,Lab,14.8%,61.3%,7.0%,4.5%,,10.8%,,1.7%
Wales,"Brecon, Radnor and Cwm Tawe",LDem,26.3%,15.6%,33.4%,4.3%,,5.8%,12.8%,2.0%
Wales,Bridgend,Lab,28.2%,42.4%,5.0%,4.1%,,7.6%,11.8%,0.9%
Wales,Caerfyrddin,PC,23.4%,22.6%,2.8%,4.2%,,34.1%,12.0%,0.8%
